418.000000	17.8476
420.000000	17.8954
422.000000	17.5588
424.000000	16.9702
426.000000	16.9981
428.000000	17.4743
430.000000	18.108
432.000000	17.5318
434.000000	16.9893
436.000000	16.5632
438.000000	16.2307
440.000000	15.8878
442.000000	15.58
444.000000	15.2097
446.000000	14.7144
448.000000	14.0612
450.000000	14.4156
452.000000	14.8469
454.000000	14.667
456.000000	13.9313
458.000000	13.4419
460.000000	13.6517
462.000000	13.4684
464.000000	12.7428
466.000000	12.2083
468.000000	12.4077
470.000000	12.4637
472.000000	12.5153
474.000000	12.4412
476.000000	12.2626
478.000000	12.2172
480.000000	12.0585
482.000000	12.2031
484.000000	12.017
486.000000	12.0235
488.000000	11.5661
490.000000	11.3749
492.000000	11.2977
494.000000	11.4569
496.000000	11.633
498.000000	11.6998
500.000000	11.6198
502.000000	11.3961
504.000000	11.2393
506.000000	11.1268
508.000000	10.8275
510.000000	10.6846
512.000000	10.7504
514.000000	10.7728
516.000000	10.8506
518.000000	10.6111
520.000000	10.6686
522.000000	10.4626
524.000000	10.31
526.000000	9.85848
528.000000	9.78161
530.000000	9.94361
532.000000	10.1371
534.000000	10.1975
536.000000	10.1586
538.000000	10.0987
540.000000	9.97781
542.000000	9.88725
544.000000	9.75441
546.000000	9.58982
548.000000	9.48414
550.000000	9.56344
552.000000	9.72279
554.000000	9.80094
556.000000	9.60757
558.000000	9.62954
560.000000	9.6278
562.000000	9.63485
564.000000	9.21384
566.000000	9.28507
568.000000	9.23477
570.000000	8.94287
572.000000	8.82992
574.000000	8.88354
576.000000	9.05057
578.000000	9.03044
580.000000	9.0709
582.000000	9.1962
584.000000	9.19027
586.000000	9.10714
588.000000	8.98297
590.000000	8.80375
592.000000	8.78616
594.000000	8.83627
596.000000	8.83935
598.000000	8.73655
600.000000	8.69579
602.000000	8.69793
604.000000	8.89769
606.000000	9.00051
608.000000	9.09888
610.000000	8.90519
612.000000	8.71232
614.000000	8.56222
616.000000	8.56722
618.000000	8.6273
620.000000	8.59557
622.000000	8.59694
624.000000	8.59761
626.000000	8.73303
628.000000	8.82379
630.000000	8.78856
632.000000	8.62816
634.000000	8.43408
636.000000	8.26981
638.000000	8.26831
640.000000	8.37092
642.000000	8.44599
644.000000	8.6036
646.000000	8.61121
648.000000	8.53405
650.000000	8.37471
652.000000	8.28046
654.000000	8.20414
656.000000	8.11342
658.000000	8.15687
660.000000	8.03753
662.000000	8.0055
664.000000	8.07097
666.000000	8.19463
668.000000	8.22747
670.000000	7.98816
672.000000	7.99789
674.000000	8.00358
676.000000	7.98462
678.000000	8.17862
680.000000	8.14015
682.000000	8.25476
684.000000	8.12611
686.000000	7.85525
688.000000	7.85875
690.000000	7.89971
692.000000	8.10212
694.000000	8.12751
696.000000	8.24028
698.000000	8.16004
700.000000	7.84063
702.000000	7.67889
704.000000	7.80981
706.000000	8.03623
708.000000	7.904
710.000000	7.91872
712.000000	7.99751
714.000000	8.13236
716.000000	7.96159
718.000000	7.83841
720.000000	7.70137
722.000000	7.81809
724.000000	7.82337
726.000000	7.75205
728.000000	7.81169
730.000000	7.77377
732.000000	7.94522
734.000000	7.95166
736.000000	7.9801
738.000000	7.75451
740.000000	7.79344
742.000000	7.73061
744.000000	7.63431
746.000000	7.55404
748.000000	7.7329
750.000000	7.97013
752.000000	8.06586
754.000000	7.9718
756.000000	7.81149
758.000000	7.87614
760.000000	7.94604
762.000000	7.96554
764.000000	7.98325
766.000000	7.87291
768.000000	7.8513
770.000000	7.8045
772.000000	7.91397
774.000000	7.9263
776.000000	7.69383
778.000000	7.53493
780.000000	7.50135
782.000000	7.78894
784.000000	7.91074
786.000000	8.15322
788.000000	8.00638
790.000000	8.08213
792.000000	8.01093
794.000000	8.15363
796.000000	8.05784
798.000000	7.90008
800.000000	7.77083
802.000000	7.58524
804.000000	7.61626
806.000000	7.70909
808.000000	7.95089
810.000000	8.06511
812.000000	8.17305
814.000000	8.21491
816.000000	8.15772
818.000000	8.17997
820.000000	8.02915
822.000000	7.87874
824.000000	7.78437
826.000000	7.89789
828.000000	7.90989
830.000000	8.06989
832.000000	8.08529
834.000000	7.95092
836.000000	7.88778
838.000000	7.84192
840.000000	7.83033
842.000000	7.69307
844.000000	7.62215
846.000000	7.90454
848.000000	7.91893
850.000000	7.83119
852.000000	7.7241
854.000000	7.70916
856.000000	7.86841
858.000000	7.84728
860.000000	7.91653
862.000000	7.7947
864.000000	7.77333
866.000000	8.00381
868.000000	8.08512
870.000000	8.15705
872.000000	8.27454
874.000000	8.18772
876.000000	8.02707
878.000000	7.81516
880.000000	7.9594
882.000000	8.12322
884.000000	7.7876
886.000000	7.59579
888.000000	7.45573
890.000000	7.92196
892.000000	8.10246
894.000000	8.12808
896.000000	8.0838
898.000000	8.09255
900.000000	8.03042
902.000000	7.87346
904.000000	7.66049
906.000000	7.61511
908.000000	7.59124
910.000000	7.93724
912.000000	8.24778
914.000000	8.38472
916.000000	8.40707
918.000000	8.42521
920.000000	8.26329
922.000000	8.02121
924.000000	7.9142
926.000000	7.89759
928.000000	7.88053
930.000000	7.78704
932.000000	7.77861
934.000000	7.72068
936.000000	7.70878
938.000000	7.7854
940.000000	7.8485
942.000000	7.87422
944.000000	7.81879
946.000000	7.89011
948.000000	8.03445
950.000000	8.0893
952.000000	7.98976
954.000000	7.91969
956.000000	7.77197
958.000000	7.7726
960.000000	7.71209
962.000000	7.68384
964.000000	7.59911
966.000000	7.72893
968.000000	7.89374
970.000000	8.09351
972.000000	8.05351
974.000000	7.97363
976.000000	7.87513
978.000000	7.76077
980.000000	7.76187
982.000000	7.75292
984.000000	7.83163
986.000000	7.93194
988.000000	8.05396
990.000000	8.04333
992.000000	8.03698
994.000000	8.06484
996.000000	7.92258
998.000000	7.95418
1000.000000	7.92301
1002.000000	8.15097
1004.000000	8.13907
1006.000000	7.96586
1008.000000	7.95802
1010.000000	7.90754
1012.000000	8.01959
1014.000000	8.10795
1016.000000	7.98077
1018.000000	7.93516
1020.000000	7.87362
1022.000000	8.0354
1024.000000	8.11676
1026.000000	8.12968
1028.000000	8.01753
1030.000000	8.01149
1032.000000	7.97685
1034.000000	7.95625
1036.000000	7.79839
1038.000000	7.79697
1040.000000	8.0175
1042.000000	8.09698
1044.000000	8.15915
1046.000000	8.15376
1048.000000	8.15103
1050.000000	8.19256
1052.000000	8.40473
1054.000000	8.66277
1056.000000	8.69232
1058.000000	8.85248
1060.000000	8.87604
1062.000000	8.89627
1064.000000	8.90221
1066.000000	9.20195
1068.000000	9.3819
1070.000000	9.69404
1072.000000	9.94856
1074.000000	9.89367
1076.000000	9.94313
1078.000000	10.0478
1080.000000	10.3183
1082.000000	10.698
1084.000000	11.1008
1086.000000	11.6583
1088.000000	11.9538
1090.000000	12.0671
1092.000000	12.1482
1094.000000	12.2387
1096.000000	12.3443
1098.000000	12.4789
1100.000000	12.6127
1102.000000	12.6882
1104.000000	12.6693
1106.000000	12.6939
1108.000000	12.6114
1110.000000	12.4456
1112.000000	12.3041
1114.000000	12.0102
1116.000000	11.5764
1118.000000	11.5145
1120.000000	11.554
1122.000000	11.375
1124.000000	10.7273
1126.000000	10.0443
1128.000000	9.71159
1130.000000	9.31554
1132.000000	9.00561
1134.000000	8.77498
1136.000000	8.87339
1138.000000	8.87284
1140.000000	8.69551
1142.000000	8.19082
1144.000000	7.94235
1146.000000	7.7654
1148.000000	7.7729
1150.000000	7.50087
1152.000000	7.2278
1154.000000	7.22408
1156.000000	7.22025
1158.000000	7.06347
1160.000000	6.64885
1162.000000	6.37049
1164.000000	6.46276
1166.000000	6.7109
1168.000000	6.83354
1170.000000	6.72532
1172.000000	6.65597
1174.000000	6.51877
1176.000000	6.44526
1178.000000	6.30274
1180.000000	6.02666
1182.000000	6.10692
1184.000000	6.10432
1186.000000	6.0601
1188.000000	6.04339
1190.000000	5.96549
1192.000000	5.83327
1194.000000	5.80846
1196.000000	5.84006
1198.000000	5.96111
1200.000000	6.01165
1202.000000	6.02309
1204.000000	6.0142
1206.000000	5.82172
1208.000000	5.87363
1210.000000	5.8913
1212.000000	6.00742
1214.000000	5.83667
1216.000000	5.7715
1218.000000	5.77706
1220.000000	5.83652
1222.000000	5.86144
1224.000000	5.66448
1226.000000	5.47094
1228.000000	5.35685
1230.000000	5.27194
1232.000000	5.41021
1234.000000	5.55328
1236.000000	5.77573
1238.000000	5.73938
1240.000000	5.71392
1242.000000	5.42742
1244.000000	5.3895
1246.000000	5.34829
1248.000000	5.43286
1250.000000	5.47068
1252.000000	5.4774
1254.000000	5.49591
1256.000000	5.36073
1258.000000	5.27111
1260.000000	5.1702
1262.000000	5.19335
1264.000000	5.11813
1266.000000	5.25757
1268.000000	5.33154
1270.000000	5.35
1272.000000	5.25277
1274.000000	5.13922
1276.000000	5.08911
1278.000000	5.13014
1280.000000	5.2299
1282.000000	5.28202
1284.000000	5.27878
1286.000000	5.25468
1288.000000	5.27799
1290.000000	5.22377
1292.000000	4.96911
1294.000000	4.85134
1296.000000	4.95502
1298.000000	5.05019
1300.000000	5.05941
1302.000000	5.02324
1304.000000	5.07429
1306.000000	5.05118
1308.000000	5.00419
1310.000000	5.01839
1312.000000	5.04583
1314.000000	5.10556
1316.000000	4.90902
1318.000000	4.81914
1320.000000	4.74239
1322.000000	4.8475
1324.000000	4.89929
1326.000000	4.86022
1328.000000	4.81085
1330.000000	4.67115
1332.000000	4.67857
1334.000000	4.78889
1336.000000	4.82594
1338.000000	4.70495
1340.000000	4.66539
1342.000000	4.73877
1344.000000	4.97664
1346.000000	4.78766
1348.000000	4.75041
1350.000000	4.61841
1352.000000	4.63292
1354.000000	4.59403
1356.000000	4.67344
1358.000000	4.63055
1360.000000	4.70175
1362.000000	4.7355
1364.000000	4.74899
1366.000000	4.58926
1368.000000	4.26588
1370.000000	4.19752
1372.000000	4.24841
1374.000000	4.58516
1376.000000	4.55915
1378.000000	4.5324
1380.000000	4.39407
1382.000000	4.4325
1384.000000	4.44174
1386.000000	4.37182
1388.000000	4.25556
1390.000000	4.15677
1392.000000	4.24885
1394.000000	4.48984
1396.000000	4.59893
1398.000000	4.52313
1400.000000	4.47317
1402.000000	4.37917
1404.000000	4.3814
1406.000000	4.20324
1408.000000	4.15707
1410.000000	4.08417
1412.000000	4.14878
1414.000000	4.13152
1416.000000	4.12087
1418.000000	4.19183
1420.000000	4.17975
1422.000000	4.15132
1424.000000	3.97168
1426.000000	4.05962
1428.000000	4.04514
1430.000000	4.1233
1432.000000	4.07908
1434.000000	4.06916
1436.000000	3.9417
1438.000000	3.87044
1440.000000	3.83967
1442.000000	3.99296
1444.000000	4.00515
1446.000000	4.08938
1448.000000	4.05702
1450.000000	4.08125
1452.000000	3.97113
1454.000000	3.86068
1456.000000	3.79342
1458.000000	3.76481
1460.000000	3.75511
1462.000000	3.83114
1464.000000	3.81659
1466.000000	3.80287
1468.000000	3.70719
1470.000000	3.727
1472.000000	3.74556
1474.000000	3.7238
1476.000000	3.71
1478.000000	3.77967
1480.000000	3.86018
1482.000000	3.96169
1484.000000	3.91735
1486.000000	3.81645
1488.000000	3.81877
1490.000000	3.81871
1492.000000	3.86427
1494.000000	3.81296
1496.000000	3.75316
1498.000000	3.70486
1500.000000	3.61909
1502.000000	3.64588
1504.000000	3.64029
1506.000000	3.76723
1508.000000	3.81752
1510.000000	3.88462
1512.000000	3.83482
1514.000000	3.77027
1516.000000	3.81888
1518.000000	3.86856
1520.000000	3.8289
1522.000000	3.68117
1524.000000	3.68402
1526.000000	3.64534
1528.000000	3.635
1530.000000	3.69041
1532.000000	3.78444
1534.000000	3.79873
1536.000000	3.69668
1538.000000	3.671
1540.000000	3.75081
1542.000000	3.73657
1544.000000	3.69677
1546.000000	3.64236
1548.000000	3.67291
1550.000000	3.69267
1552.000000	3.73754
1554.000000	3.74734
1556.000000	3.7861
1558.000000	3.71101
1560.000000	3.66952
1562.000000	3.63903
1564.000000	3.65933
1566.000000	3.46143
1568.000000	3.31931
1570.000000	3.32442
1572.000000	3.40629
1574.000000	3.51966
1576.000000	3.62488
1578.000000	3.76239
1580.000000	3.78341
1582.000000	3.61347
1584.000000	3.53383
1586.000000	3.52112
1588.000000	3.50102
1590.000000	3.49284
1592.000000	3.45531
1594.000000	3.62182
1596.000000	3.63766
1598.000000	3.57648
1600.000000	3.50507
1602.000000	3.52784
1604.000000	3.65673
1606.000000	3.69918
1608.000000	3.79534
1610.000000	3.754
1612.000000	3.70664
1614.000000	3.75272
1616.000000	3.80778
1618.000000	3.89377
1620.000000	3.93742
1622.000000	3.89104
1624.000000	3.81971
1626.000000	3.89919
1628.000000	4.05492
1630.000000	4.20584
1632.000000	4.24197
1634.000000	4.2907
1636.000000	4.36514
1638.000000	4.49155
1640.000000	4.5086
1642.000000	4.46888
1644.000000	4.43771
1646.000000	4.40038
1648.000000	4.51746
1650.000000	4.57844
1652.000000	4.7843
1654.000000	4.74757
1656.000000	4.68773
1658.000000	4.62864
1660.000000	4.66664
1662.000000	4.657
1664.000000	4.86398
1666.000000	4.96173
1668.000000	4.98485
1670.000000	4.82072
1672.000000	4.66343
1674.000000	4.46084
1676.000000	4.13926
1678.000000	4.08513
1680.000000	4.16062
1682.000000	4.50993
1684.000000	4.47957
1686.000000	4.27816
1688.000000	4.03693
1690.000000	3.96792
1692.000000	3.80523
1694.000000	3.68525
1696.000000	3.42267
1698.000000	3.19383
1700.000000	2.99542
1702.000000	2.85682
1704.000000	2.75265
1706.000000	2.7526
1708.000000	2.60556
1710.000000	2.44167
1712.000000	2.31507
1714.000000	2.31285
1716.000000	2.33019
1718.000000	2.31168
1720.000000	2.10006
1722.000000	1.96501
1724.000000	1.8253
1726.000000	1.83358
1728.000000	1.73898
1730.000000	1.59724
1732.000000	1.41955
1734.000000	1.35682
1736.000000	1.32807
1738.000000	1.2544
1740.000000	1.12514
1742.000000	0.992997
1744.000000	0.928695
1746.000000	0.886601
1748.000000	0.827097
1750.000000	0.784616
1752.000000	0.763345
1754.000000	0.759413
1756.000000	0.701198
1758.000000	0.593128
1760.000000	0.502965
1762.000000	0.495417
1764.000000	0.531049
1766.000000	0.550383
1768.000000	0.550927
1770.000000	0.498668
1772.000000	0.470591
1774.000000	0.455305
1776.000000	0.45425
1778.000000	0.427793
1780.000000	0.436832
1782.000000	0.426307
1784.000000	0.40212
1786.000000	0.407132
1788.000000	0.411616
1790.000000	0.426374
1792.000000	0.409777
1794.000000	0.390082
1796.000000	0.337435
1798.000000	0.322628
1800.000000	0.305654
1802.000000	0.297925
1804.000000	0.284861
1806.000000	0.278671
1808.000000	0.285085
1810.000000	0.293665
1812.000000	0.312624
1814.000000	0.291219
1816.000000	0.275071
1818.000000	0.261207
1820.000000	0.254979
1822.000000	0.259454
1824.000000	0.259979
1826.000000	0.258451
1828.000000	0.229435
1830.000000	0.192149
1832.000000	0.179131
1834.000000	0.189216
1836.000000	0.18817
1838.000000	0.172093
1840.000000	0.155356
1842.000000	0.17172
1844.000000	0.179919
1846.000000	0.184628
1848.000000	0.197637
1850.000000	0.175457
1852.000000	0.184622
1854.000000	0.162204
1856.000000	0.171646
1858.000000	0.168756
1860.000000	0.141744
1862.000000	0.120985
1864.000000	0.130478
1866.000000	0.138714
1868.000000	0.149917
1870.000000	0.137655
1872.000000	0.129886
1874.000000	0.128747
1876.000000	0.119839
1878.000000	0.104046
1880.000000	0.109351
1882.000000	0.113845
1884.000000	0.125978
1886.000000	0.124841
1888.000000	0.116221
1890.000000	0.106207
1892.000000	0.106548
1894.000000	0.103231
1896.000000	0.101531
1898.000000	0.100321
1900.000000	0.101643
1902.000000	0.0695102
1904.000000	0.0879758
1906.000000	0.103041
1908.000000	0.113459
1910.000000	0.0984323
1912.000000	0.082997
1914.000000	0.0918799
1916.000000	0.119884
1918.000000	0.124026
1920.000000	0.125702
1922.000000	0.100275
1924.000000	0.0946727
1926.000000	0.0858479
1928.000000	0.0960547
1930.000000	0.0749254
1932.000000	0.0622398
1934.000000	0.0582562
1936.000000	0.0591404
1938.000000	0.0654169
1940.000000	0.0736567
1942.000000	0.0712612
1944.000000	0.0708886
1946.000000	0.0645984
1948.000000	0.06446
1950.000000	0.0734975
1952.000000	0.0686509
1954.000000	0.0639935
1956.000000	0.0688706
1958.000000	0.0774992
1960.000000	0.0841107
1962.000000	0.0593227
1964.000000	0.0573615
1966.000000	0.0512411
1968.000000	0.0537797
1970.000000	0.0520809
1972.000000	0.0516354
1974.000000	0.0486407
1976.000000	0.0531787
1978.000000	0.0782699
1980.000000	0.0756416
1982.000000	0.0809985
1984.000000	0.05514
1986.000000	0.0515777
1988.000000	0.0537936
1990.000000	0.0717594
1992.000000	0.0792646
1994.000000	0.0710452
1996.000000	0.0507543
1998.000000	0.0377981
2000.000000	0.0548852
2002.000000	0.0612957
2004.000000	0.0630429
2006.000000	0.077394
2008.000000	0.0756333
2010.000000	0.0711289
2012.000000	0.0490842
2014.000000	0.0422548
2016.000000	0.0494928
2018.000000	0.0659218
2020.000000	0.062756
2022.000000	0.0553851
2024.000000	0.0584043
2026.000000	0.0610037
2028.000000	0.0609711
2030.000000	0.0549637
2032.000000	0.0521173
2034.000000	0.0309297
2036.000000	0.0397118
2038.000000	0.0496343
2040.000000	0.0540826
2042.000000	0.047317
2044.000000	0.0481826
2046.000000	0.0547608
2048.000000	0.0506295
2050.000000	0.0525537
2052.000000	0.065277
2054.000000	0.0825341
2056.000000	0.0838064
2058.000000	0.0889033
2060.000000	0.0672912
2062.000000	0.0539903
2064.000000	0.0388932
2066.000000	0.0368102
2068.000000	0.042757
2070.000000	0.0508301
2072.000000	0.0418729
2074.000000	0.0316855
2076.000000	0.0243141
2078.000000	0.0532505
2080.000000	0.0584651
2082.000000	0.0566938
2084.000000	0.0459134
2086.000000	0.040259
2088.000000	0.029376
2090.000000	0.0236756
2092.000000	0.0287753
2094.000000	0.0243822
2096.000000	0.0211966
2098.000000	0.0282953
2100.000000	0.0374523
2102.000000	0.0523906
2104.000000	0.0414914
2106.000000	0.0378677
2108.000000	0.029988
2110.000000	0.0373666
2112.000000	0.0407212
2114.000000	0.0370145
2116.000000	0.0370317
2118.000000	0.0289055
2120.000000	0.0241192
2122.000000	0.0204689
2124.000000	0.020385
2126.000000	0.0237103
2128.000000	0.0231003
2130.000000	0.0226968
2132.000000	0.0254458
2134.000000	0.0284333
2136.000000	0.0265503
2138.000000	0.0268746
2140.000000	0.0234027
2142.000000	0.0251689
2144.000000	0.0263726
2146.000000	0.0316271
2148.000000	0.0431504
2150.000000	0.0406499
2152.000000	0.0359414
2154.000000	0.0228122
2156.000000	0.01799
2158.000000	0.0155638
2160.000000	0.0206883
2162.000000	0.0197851
2164.000000	0.0215852
2166.000000	0.0185858
2168.000000	0.0238204
2170.000000	0.0280708
2172.000000	0.032276
2174.000000	0.0258928
2176.000000	0.029634
2178.000000	0.0301211
2180.000000	0.0263468
2182.000000	0.0131711
2184.000000	0.013157
2186.000000	0.012831
2188.000000	0.0189714
2190.000000	0.0178713
2192.000000	0.0250433
2194.000000	0.0210312
2196.000000	0.0176335
2198.000000	0.0102656
2200.000000	0.0197324
2202.000000	0.0205084
2204.000000	0.0157026
2206.000000	0.0150185
2208.000000	0.0136695
2210.000000	0.0189873
2212.000000	0.021276
2214.000000	0.0218378
2216.000000	0.0199899
2218.000000	0.0205736
2220.000000	0.0153359
2222.000000	0.0145687
2224.000000	0.0177133
2226.000000	0.0218592
2228.000000	0.0210701
2230.000000	0.0172964
2232.000000	0.0160279
2234.000000	0.0163572
2236.000000	0.0206971
2238.000000	0.0224314
2240.000000	0.0193635
2242.000000	0.0106065
2244.000000	0.00438938
2246.000000	0.00435926
2248.000000	0.011851
2250.000000	0.0100119
2252.000000	0.00821834
2254.000000	0.00663003
2256.000000	0.0114447
2258.000000	0.0187575
2260.000000	0.0245433
2262.000000	0.0208067
2264.000000	0.0135336
2266.000000	0.00832946
2268.000000	0.0167908
2270.000000	0.0295263
2272.000000	0.0314952
2274.000000	0.0243165
2276.000000	0.0152727
2278.000000	0.0122754
2280.000000	0.00854086
2282.000000	0.00193572
2284.000000	0.00217112
2286.000000	0.00553856
2288.000000	0.0102797
2290.000000	0.00740792
2292.000000	0.0100716
2294.000000	0.0101742
2296.000000	0.0106216
2298.000000	0.0106725
2300.000000	0.0073593
2302.000000	0.00315283
2304.000000	0.00112601
2306.000000	0.00475699
2308.000000	0.00476122
2310.000000	0.005567
2312.000000	0.00900548
2314.000000	0.00835676
2316.000000	0.00724602
2318.000000	0.0113174
2320.000000	0.0163226
2322.000000	0.0227232
2324.000000	0.019934
2326.000000	0.0171677
2328.000000	0.00790296
2330.000000	0.004601
2332.000000	0.00296047
2334.000000	0.00372958
2336.000000	0.00368022
2338.000000	0.00204987
2340.000000	0
2342.000000	0
2344.000000	0.00248868
2346.000000	0.00628187
2348.000000	0.00933405
2350.000000	0.00993438
2352.000000	0.00847111
2354.000000	0.0084703
2356.000000	0.0068222
2358.000000	0.0032001
2360.000000	0
2362.000000	0
2364.000000	0.000849777
2366.000000	0.00322348
2368.000000	0.00552236
2370.000000	0.00823815
2372.000000	0.00911536
2374.000000	0.00928489
2376.000000	0.00847419
2378.000000	0.00747629
2380.000000	0.00381807
2382.000000	0.00743457
2384.000000	0.0127287
2386.000000	0.0128925
2388.000000	0.00512952
2390.000000	0.000972998
2392.000000	0.00418733
2394.000000	0.00420397
2396.000000	0.00284038
2398.000000	0
2400.000000	0
2402.000000	0
2404.000000	0.00328585
2406.000000	0.00721099
2408.000000	0.0139666
2410.000000	0.0195909
2412.000000	0.0192484
2414.000000	0.012602
2416.000000	0.0180542
2418.000000	0.0180904
2420.000000	0.0141435
2422.000000	0.00717683
2424.000000	0.00986107
2426.000000	0.0120254
2428.000000	0.0137229
2430.000000	0.0110314
2432.000000	0.0129417
2434.000000	0.0176278
2436.000000	0.0133353
2438.000000	0.00739144
2440.000000	0.00351785
2442.000000	0.00413206
2444.000000	0.00607319
2446.000000	0.0123975
2448.000000	0.0121485
2450.000000	0.0053577
2452.000000	0.0017797
2454.000000	0.00382099
2456.000000	0.00866349
2458.000000	0.00698636
2460.000000	0.00367244
2462.000000	0.00423141
2464.000000	0.00823765
2466.000000	0.0123104
2468.000000	0.0103008
2470.000000	0.00706671
2472.000000	0.00435891
2474.000000	0.00663003
2476.000000	0.00631372
2478.000000	0.00630567
2480.000000	0.00205137
2482.000000	0.00106546
2484.000000	0.00664252
2486.000000	0.00667438
2488.000000	0.00548162
2490.000000	0.00728882
2492.000000	0.00752722
2494.000000	0.0126762
2496.000000	0.0132222
2498.000000	0.0109835
2500.000000	0.00712724
2502.000000	0.004457
2504.000000	0.00442189
2506.000000	0.00184708
2508.000000	0.00676688
2510.000000	0.0106734
2512.000000	0.013413
2514.000000	0.00945811
2516.000000	0.00479536
2518.000000	7.60416e-005
2520.000000	0.000650392
2522.000000	0.00518655
2524.000000	0.0082127
2526.000000	0.00812986
2528.000000	0.00831905
2530.000000	0.0092846
2532.000000	0.00846032
2534.000000	6.25601e-005
2536.000000	0.00328585
2538.000000	0.00490251
2540.000000	0.00390027
2542.000000	0
2544.000000	0
2546.000000	0.00184264
2548.000000	0.00388436
2550.000000	0.00753593
2552.000000	0.00575433
2554.000000	0.00374671
2556.000000	0.000137844
2558.000000	0.00261932
2560.000000	0.00319172
2562.000000	0.0031698
2564.000000	0.00191508
2566.000000	0
2568.000000	0.00372527
2570.000000	0.00666658
2572.000000	0.0096736
2574.000000	0.0106439
2576.000000	0.00604025
2578.000000	0.0075567
2580.000000	0.00770076
2582.000000	0.00696225
2584.000000	0.00446175
2586.000000	0.00402864
2588.000000	0.00680735
2590.000000	0.00834509
2592.000000	0.006593
2594.000000	0.00600466
2596.000000	0.00481815
2598.000000	0.000571699
2600.000000	0.00400052
2602.000000	0.00427106
2604.000000	0.00385943
2606.000000	0
2608.000000	0
2610.000000	0
2612.000000	0
2614.000000	0
2616.000000	0.00296238
2618.000000	0.00465056
2620.000000	0.00755094
2622.000000	0.00832445
2624.000000	0.00463393
2626.000000	0.00323558
2628.000000	0
2630.000000	0
2632.000000	0
2634.000000	0.00353751
2636.000000	0.00492606
2638.000000	0.0110265
2640.000000	0.0099398
2642.000000	0.0118577
2644.000000	0.00412239
2646.000000	0.00366063
2648.000000	0.00363563
2650.000000	0.00702844
2652.000000	0.00919992
2654.000000	0.00852209
2656.000000	0.00541359
2658.000000	0.00475699
2660.000000	0.00476122
2662.000000	0.00306989
2664.000000	0
2666.000000	0
2668.000000	0
2670.000000	0
2672.000000	0
2674.000000	0
2676.000000	0
2678.000000	0
2680.000000	0
2682.000000	0
2684.000000	0
2686.000000	0
2688.000000	0
2690.000000	0
2692.000000	0
2694.000000	0
2696.000000	0.00139302
2698.000000	0.00367553
2700.000000	0.00367548
2702.000000	0.00261397
2704.000000	0
2706.000000	0.00183327
2708.000000	0.010164
2710.000000	0.0119728
2712.000000	0.00832257
2714.000000	0.00753757
2716.000000	0.00448135
2718.000000	0.000463761
2720.000000	0
2722.000000	0
2724.000000	0
2726.000000	0
2728.000000	0
2730.000000	0
2732.000000	0
2734.000000	0
2736.000000	0.000390838
2738.000000	0.0043116
2740.000000	0.00433785
2742.000000	0.00334285
2744.000000	0
2746.000000	0.00106546
2748.000000	0.00664252
2750.000000	0.00759102
2752.000000	0.0102796
2754.000000	0.00585201
2756.000000	0.00131189
2758.000000	0
2760.000000	0
2762.000000	0.00154187
2764.000000	0.00350588
2766.000000	0.0088841
2768.000000	0.0171215
2770.000000	0.0142242
2772.000000	0.00839286
2774.000000	0.0030815
2776.000000	0
2778.000000	0
2780.000000	0.000353395
2782.000000	0.00315777
2784.000000	0.00639306
2786.000000	0.00798294
2788.000000	0.00574618
2790.000000	0
2792.000000	0
2794.000000	0.000642844
2796.000000	0.00276518
2798.000000	0.00260227
2800.000000	0.00271069
2802.000000	0.003129
2804.000000	0.00503453
2806.000000	0.00502797
2808.000000	0.00687696
2810.000000	0.00817368
2812.000000	0.00810235
2814.000000	0.0088313
2816.000000	0.0128008
2818.000000	0.00859758
2820.000000	0.00521559
2822.000000	0.000579035
2824.000000	0
2826.000000	0.00287396
2828.000000	0.00679539
2830.000000	0.00835224
2832.000000	0.00627381
2834.000000	0.00327876
2836.000000	0.00720149
2838.000000	0.00747105
2840.000000	0.00365547
2842.000000	0.00656384
2844.000000	0.00514965
2846.000000	0.0040915
2848.000000	0
2850.000000	0
2852.000000	0
2854.000000	0
2856.000000	0
2858.000000	0.000898725
2860.000000	0.00415278
2862.000000	0.00417901
2864.000000	0.00420997
2866.000000	0.000752549
2868.000000	0
2870.000000	0
2872.000000	0
2874.000000	0.00126283
2876.000000	0.00543391
2878.000000	0.00545166
2880.000000	0.00550566
2882.000000	0.00559082
2884.000000	0.00551365
2886.000000	0.00339254
2888.000000	0
2890.000000	0
2892.000000	0
2894.000000	0
2896.000000	0
2898.000000	0
2900.000000	0
2902.000000	0.0012406
2904.000000	0.00573188
2906.000000	0.00608474
2908.000000	0.0119206
2910.000000	0.00717587
2912.000000	0.00679612
2914.000000	0.00684582
2916.000000	0.00564631
2918.000000	0.00563792
2920.000000	0.00183342
2922.000000	0
2924.000000	0
2926.000000	0
2928.000000	0
2930.000000	0
2932.000000	0
2934.000000	0.00781181
2936.000000	0.0089406
2938.000000	0.00902481
2940.000000	0.00367196
2942.000000	0
2944.000000	0
2946.000000	0
2948.000000	0
2950.000000	0
2952.000000	0
2954.000000	0
2956.000000	0
2958.000000	0
2960.000000	0
2962.000000	0
2964.000000	0.00579851
2966.000000	0.00859424
2968.000000	0.00867045
2970.000000	0.00684507
2972.000000	0
2974.000000	0
2976.000000	0
2978.000000	0
2980.000000	0
2982.000000	0
2984.000000	0
2986.000000	0
2988.000000	0
2990.000000	0
2992.000000	0
2994.000000	0
2996.000000	0
2998.000000	0
3000.000000	0
3002.000000	0
3004.000000	0
3006.000000	0
3008.000000	0
3010.000000	0
3012.000000	0.0167533
3014.000000	0.0177134
3016.000000	0.017635
3018.000000	0.0122803
3020.000000	0
3022.000000	0
