418.000000	38.3655
420.000000	37.3032
422.000000	39.206
424.000000	39.6351
426.000000	38.3434
428.000000	37.054
430.000000	37.7908
432.000000	36.922
434.000000	37.1101
436.000000	37.0714
438.000000	36.7968
440.000000	36.1951
442.000000	36.5768
444.000000	35.6331
446.000000	34.1936
448.000000	32.3643
450.000000	29.24
452.000000	28.477
454.000000	29.986
456.000000	33.6984
458.000000	36.2742
460.000000	34.0282
462.000000	32.4567
464.000000	30.4509
466.000000	29.8373
468.000000	29.7447
470.000000	29.2254
472.000000	29.1208
474.000000	30.1578
476.000000	29.6546
478.000000	29.1329
480.000000	28.4523
482.000000	28.2081
484.000000	27.8383
486.000000	27.4432
488.000000	27.1431
490.000000	26.2153
492.000000	25.3405
494.000000	23.7101
496.000000	23.7566
498.000000	24.0747
500.000000	24.6659
502.000000	23.9095
504.000000	23.5198
506.000000	23.2646
508.000000	21.6945
510.000000	21.9681
512.000000	21.7084
514.000000	21.2102
516.000000	20.5671
518.000000	21.3947
520.000000	22.3497
522.000000	22.0562
524.000000	21.4194
526.000000	19.8654
528.000000	19.0475
530.000000	19.1415
532.000000	19.3297
534.000000	19.5204
536.000000	19.6847
538.000000	18.99
540.000000	18.6345
542.000000	18.5852
544.000000	18.5935
546.000000	18.9139
548.000000	18.2658
550.000000	17.8641
552.000000	17.1065
554.000000	16.2702
556.000000	16.0221
558.000000	16.1369
560.000000	16.9689
562.000000	16.9123
564.000000	16.6264
566.000000	16.0244
568.000000	16.2914
570.000000	16.3568
572.000000	16.5793
574.000000	16.3831
576.000000	15.545
578.000000	14.9599
580.000000	14.344
582.000000	14.3091
584.000000	14.4559
586.000000	14.28
588.000000	14.0327
590.000000	14.2658
592.000000	13.6502
594.000000	13.9042
596.000000	13.8063
598.000000	13.6629
600.000000	13.2268
602.000000	12.5504
604.000000	12.32
606.000000	12.4556
608.000000	13.052
610.000000	13.1765
612.000000	13.034
614.000000	12.4982
616.000000	12.5491
618.000000	13.1201
620.000000	13.0887
622.000000	12.6204
624.000000	12.2196
626.000000	11.8433
628.000000	11.5719
630.000000	11.775
632.000000	11.4918
634.000000	11.5175
636.000000	11.1058
638.000000	11.1916
640.000000	10.896
642.000000	10.0189
644.000000	9.37971
646.000000	9.01378
648.000000	9.12981
650.000000	9.13676
652.000000	8.88332
654.000000	8.62043
656.000000	8.70812
658.000000	8.62755
660.000000	8.8159
662.000000	8.94312
664.000000	9.03516
666.000000	9.32491
668.000000	9.34246
670.000000	9.22792
672.000000	8.9249
674.000000	8.68171
676.000000	8.18225
678.000000	8.04328
680.000000	7.57715
682.000000	7.42683
684.000000	7.40177
686.000000	7.32788
688.000000	7.66716
690.000000	7.33377
692.000000	7.26893
694.000000	7.03025
696.000000	7.19536
698.000000	6.94282
700.000000	6.81034
702.000000	6.45795
704.000000	6.59312
706.000000	6.54633
708.000000	6.38173
710.000000	6.5547
712.000000	6.70408
714.000000	6.73018
716.000000	6.43106
718.000000	6.19924
720.000000	6.22334
722.000000	6.03973
724.000000	6.14787
726.000000	6.06276
728.000000	5.53336
730.000000	5.28594
732.000000	5.3574
734.000000	5.3657
736.000000	5.28057
738.000000	5.14149
740.000000	4.85169
742.000000	4.64179
744.000000	4.51549
746.000000	4.51815
748.000000	4.64862
750.000000	4.71558
752.000000	5.06581
754.000000	5.44869
756.000000	5.52393
758.000000	5.12882
760.000000	4.67901
762.000000	4.1243
764.000000	4.10201
766.000000	4.27848
768.000000	4.41281
770.000000	4.19972
772.000000	4.13719
774.000000	4.0327
776.000000	3.95256
778.000000	3.64185
780.000000	3.83108
782.000000	3.75417
784.000000	3.66017
786.000000	3.71444
788.000000	3.71729
790.000000	3.87709
792.000000	3.70922
794.000000	3.67693
796.000000	3.3142
798.000000	3.37671
800.000000	3.46179
802.000000	3.53963
804.000000	3.40416
806.000000	3.16056
808.000000	3.12541
810.000000	3.08839
812.000000	3.40249
814.000000	3.38949
816.000000	3.2175
818.000000	3.06806
820.000000	3.12968
822.000000	3.05747
824.000000	3.15157
826.000000	3.20199
828.000000	3.11016
830.000000	2.90364
832.000000	2.59042
834.000000	2.58447
836.000000	2.7002
838.000000	2.88155
840.000000	2.92342
842.000000	2.82162
844.000000	2.75522
846.000000	2.94627
848.000000	2.98218
850.000000	2.89367
852.000000	2.49377
854.000000	2.33606
856.000000	2.10832
858.000000	2.31357
860.000000	2.48189
862.000000	2.49372
864.000000	2.40854
866.000000	2.43934
868.000000	2.46143
870.000000	2.41738
872.000000	2.20967
874.000000	2.03407
876.000000	1.80742
878.000000	1.74657
880.000000	1.83306
882.000000	1.93362
884.000000	2.00211
886.000000	2.17488
888.000000	2.22382
890.000000	2.34196
892.000000	2.18948
894.000000	1.935
896.000000	1.89582
898.000000	1.88914
900.000000	2.05171
902.000000	1.93537
904.000000	1.87283
906.000000	1.7485
908.000000	1.5935
910.000000	1.44696
912.000000	1.37679
914.000000	1.33438
916.000000	1.50588
918.000000	1.55973
920.000000	1.69913
922.000000	1.7082
924.000000	1.80076
926.000000	1.81562
928.000000	1.77737
930.000000	1.92914
932.000000	2.04203
934.000000	2.21949
936.000000	2.01182
938.000000	1.76625
940.000000	1.55952
942.000000	1.5835
944.000000	1.64227
946.000000	1.68756
948.000000	1.55474
950.000000	1.27732
952.000000	1.23788
954.000000	1.33217
956.000000	1.47642
958.000000	1.49013
960.000000	1.40064
962.000000	1.3492
964.000000	1.26339
966.000000	1.18597
968.000000	1.0671
970.000000	1.04374
972.000000	1.21358
974.000000	1.32576
976.000000	1.3316
978.000000	1.32669
980.000000	1.37153
982.000000	1.37544
984.000000	1.23217
986.000000	1.09613
988.000000	1.17812
990.000000	1.31935
992.000000	1.37963
994.000000	1.46014
996.000000	1.41012
998.000000	1.38125
1000.000000	1.31513
1002.000000	1.15773
1004.000000	1.03715
1006.000000	0.928162
1008.000000	0.941259
1010.000000	0.985718
1012.000000	1.19809
1014.000000	1.25383
1016.000000	1.24176
1018.000000	1.1291
1020.000000	0.986433
1022.000000	1.1137
1024.000000	1.13486
1026.000000	1.19988
1028.000000	1.10295
1030.000000	1.10525
1032.000000	1.04556
1034.000000	1.08132
1036.000000	1.11724
1038.000000	1.11848
1040.000000	1.08467
1042.000000	1.06341
1044.000000	0.978124
1046.000000	0.914883
1048.000000	0.840055
1050.000000	1.02064
1052.000000	1.05018
1054.000000	1.06187
1056.000000	0.906197
1058.000000	0.893819
1060.000000	1.04087
1062.000000	1.07143
1064.000000	1.08075
1066.000000	0.820948
1068.000000	0.758363
1070.000000	0.773299
1072.000000	0.768753
1074.000000	0.859602
1076.000000	0.844388
1078.000000	0.877216
1080.000000	0.837689
1082.000000	0.832001
1084.000000	0.769621
1086.000000	0.739089
1088.000000	0.765078
1090.000000	0.728858
1092.000000	0.667597
1094.000000	0.580742
1096.000000	0.592352
1098.000000	0.568917
1100.000000	0.652517
1102.000000	0.68946
1104.000000	0.691135
1106.000000	0.63678
1108.000000	0.646726
1110.000000	0.695536
1112.000000	0.717241
1114.000000	0.741705
1116.000000	0.792478
1118.000000	0.761291
1120.000000	0.673558
1122.000000	0.555913
1124.000000	0.589454
1126.000000	0.622994
1128.000000	0.657303
1130.000000	0.692905
1132.000000	0.596515
1134.000000	0.597376
1136.000000	0.713959
1138.000000	0.754546
1140.000000	0.836267
1142.000000	0.735509
1144.000000	0.684745
1146.000000	0.701235
1148.000000	0.834442
1150.000000	0.842763
1152.000000	0.805032
1154.000000	0.684897
1156.000000	0.639671
1158.000000	0.625868
1160.000000	0.648981
1162.000000	0.625403
1164.000000	0.574094
1166.000000	0.607102
1168.000000	0.654249
1170.000000	0.675718
1172.000000	0.638623
1174.000000	0.584674
1176.000000	0.584989
1178.000000	0.645226
1180.000000	0.653658
1182.000000	0.582563
1184.000000	0.565559
1186.000000	0.516786
1188.000000	0.475061
1190.000000	0.447829
1192.000000	0.574152
1194.000000	0.58242
1196.000000	0.573396
1198.000000	0.548183
1200.000000	0.579897
1202.000000	0.65437
1204.000000	0.620196
1206.000000	0.626642
1208.000000	0.57715
1210.000000	0.623231
1212.000000	0.641772
1214.000000	0.631478
1216.000000	0.629533
1218.000000	0.586164
1220.000000	0.525334
1222.000000	0.515619
1224.000000	0.542509
1226.000000	0.634753
1228.000000	0.616902
1230.000000	0.570495
1232.000000	0.737687
1234.000000	0.819662
1236.000000	0.876924
1238.000000	0.718549
1240.000000	0.558818
1242.000000	0.586991
1244.000000	0.637427
1246.000000	0.709042
1248.000000	0.696435
1250.000000	0.734789
1252.000000	0.607334
1254.000000	0.52594
1256.000000	0.406045
1258.000000	0.541133
1260.000000	0.604363
1262.000000	0.62412
1264.000000	0.53934
1266.000000	0.516786
1268.000000	0.50854
1270.000000	0.545868
1272.000000	0.624283
1274.000000	0.678673
1276.000000	0.625565
1278.000000	0.496991
1280.000000	0.382385
1282.000000	0.463594
1284.000000	0.632168
1286.000000	0.708212
1288.000000	0.591186
1290.000000	0.527185
1292.000000	0.547989
1294.000000	0.494199
1296.000000	0.406234
1298.000000	0.41294
1300.000000	0.595669
1302.000000	0.644199
1304.000000	0.696083
1306.000000	0.59801
1308.000000	0.640603
1310.000000	0.542246
1312.000000	0.441209
1314.000000	0.385829
1316.000000	0.456443
1318.000000	0.463624
1320.000000	0.443776
1322.000000	0.472582
1324.000000	0.565617
1326.000000	0.644409
1328.000000	0.674501
1330.000000	0.597184
1332.000000	0.507234
1334.000000	0.403115
1336.000000	0.487369
1338.000000	0.552285
1340.000000	0.618613
1342.000000	0.503459
1344.000000	0.376674
1346.000000	0.381075
1348.000000	0.426302
1350.000000	0.548054
1352.000000	0.539507
1354.000000	0.591218
1356.000000	0.60626
1358.000000	0.639879
1360.000000	0.568564
1362.000000	0.600836
1364.000000	0.542956
1366.000000	0.555486
1368.000000	0.50379
1370.000000	0.49535
1372.000000	0.445093
1374.000000	0.333411
1376.000000	0.353008
1378.000000	0.411633
1380.000000	0.585043
1382.000000	0.665357
1384.000000	0.638833
1386.000000	0.550319
1388.000000	0.466695
1390.000000	0.510994
1392.000000	0.472456
1394.000000	0.458711
1396.000000	0.442948
1398.000000	0.467405
1400.000000	0.416012
1402.000000	0.38175
1404.000000	0.365406
1406.000000	0.424121
1408.000000	0.481336
1410.000000	0.613687
1412.000000	0.54443
1414.000000	0.495441
1416.000000	0.448313
1418.000000	0.455806
1420.000000	0.500645
1422.000000	0.574417
1424.000000	0.714653
1426.000000	0.718794
1428.000000	0.547721
1430.000000	0.412352
1432.000000	0.334438
1434.000000	0.419706
1436.000000	0.541382
1438.000000	0.592859
1440.000000	0.550648
1442.000000	0.426252
1444.000000	0.488908
1446.000000	0.493266
1448.000000	0.493974
1450.000000	0.437362
1452.000000	0.393456
1454.000000	0.375695
1456.000000	0.235767
1458.000000	0.290255
1460.000000	0.373357
1462.000000	0.518502
1464.000000	0.479889
1466.000000	0.412631
1468.000000	0.437964
1470.000000	0.420804
1472.000000	0.458201
1474.000000	0.485488
1476.000000	0.486401
1478.000000	0.459235
1480.000000	0.450408
1482.000000	0.39456
1484.000000	0.326968
1486.000000	0.231154
1488.000000	0.357634
1490.000000	0.46925
1492.000000	0.579663
1494.000000	0.538787
1496.000000	0.542171
1498.000000	0.490382
1500.000000	0.513656
1502.000000	0.505924
1504.000000	0.459695
1506.000000	0.383026
1508.000000	0.387333
1510.000000	0.387621
1512.000000	0.410536
1514.000000	0.358344
1516.000000	0.300735
1518.000000	0.316738
1520.000000	0.330914
1522.000000	0.448456
1524.000000	0.436708
1526.000000	0.443738
1528.000000	0.374831
1530.000000	0.462156
1532.000000	0.47381
1534.000000	0.46685
1536.000000	0.466795
1538.000000	0.369757
1540.000000	0.398996
1542.000000	0.470805
1544.000000	0.486544
1546.000000	0.476346
1548.000000	0.442318
1550.000000	0.463916
1552.000000	0.428465
1554.000000	0.464707
1556.000000	0.519514
1558.000000	0.627572
1560.000000	0.548103
1562.000000	0.47482
1564.000000	0.422089
1566.000000	0.386994
1568.000000	0.413855
1570.000000	0.410725
1572.000000	0.416122
1574.000000	0.45696
1576.000000	0.577579
1578.000000	0.506481
1580.000000	0.43977
1582.000000	0.357043
1584.000000	0.429301
1586.000000	0.449448
1588.000000	0.447941
1590.000000	0.469384
1592.000000	0.518671
1594.000000	0.561242
1596.000000	0.510503
1598.000000	0.48851
1600.000000	0.446436
1602.000000	0.406802
1604.000000	0.336023
1606.000000	0.345243
1608.000000	0.346836
1610.000000	0.318557
1612.000000	0.266896
1614.000000	0.29782
1616.000000	0.422004
1618.000000	0.469107
1620.000000	0.453256
1622.000000	0.386513
1624.000000	0.386463
1626.000000	0.463551
1628.000000	0.448057
1630.000000	0.443791
1632.000000	0.412203
1634.000000	0.444188
1636.000000	0.486288
1638.000000	0.487387
1640.000000	0.484413
1642.000000	0.462612
1644.000000	0.442251
1646.000000	0.481223
1648.000000	0.361467
1650.000000	0.306057
1652.000000	0.278675
1654.000000	0.325263
1656.000000	0.384409
1658.000000	0.367094
1660.000000	0.397738
1662.000000	0.430262
1664.000000	0.415211
1666.000000	0.395245
1668.000000	0.428959
1670.000000	0.449009
1672.000000	0.468658
1674.000000	0.472713
1676.000000	0.419969
1678.000000	0.395559
1680.000000	0.349276
1682.000000	0.337263
1684.000000	0.367743
1686.000000	0.431884
1688.000000	0.426023
1690.000000	0.386029
1692.000000	0.290221
1694.000000	0.251542
1696.000000	0.265533
1698.000000	0.329979
1700.000000	0.339399
1702.000000	0.271042
1704.000000	0.166778
1706.000000	0.162204
1708.000000	0.269955
1710.000000	0.263457
1712.000000	0.250952
1714.000000	0.198827
1716.000000	0.233591
1718.000000	0.306128
1720.000000	0.393126
1722.000000	0.440716
1724.000000	0.458363
1726.000000	0.507545
1728.000000	0.450574
1730.000000	0.376333
1732.000000	0.283277
1734.000000	0.299878
1736.000000	0.307697
1738.000000	0.303391
1740.000000	0.297797
1742.000000	0.213194
1744.000000	0.293881
1746.000000	0.382876
1748.000000	0.425659
1750.000000	0.399213
1752.000000	0.404924
1754.000000	0.407107
1756.000000	0.364294
1758.000000	0.341893
1760.000000	0.271528
1762.000000	0.309089
1764.000000	0.257034
1766.000000	0.331992
1768.000000	0.415402
1770.000000	0.522619
1772.000000	0.507236
1774.000000	0.497621
1776.000000	0.489001
1778.000000	0.530723
1780.000000	0.528327
1782.000000	0.474255
1784.000000	0.389843
1786.000000	0.30622
1788.000000	0.328573
1790.000000	0.374859
1792.000000	0.353177
1794.000000	0.383612
1796.000000	0.442469
1798.000000	0.438036
1800.000000	0.41212
1802.000000	0.389174
1804.000000	0.392977
1806.000000	0.343089
1808.000000	0.336511
1810.000000	0.343383
1812.000000	0.391494
1814.000000	0.371089
1816.000000	0.349253
1818.000000	0.291565
1820.000000	0.311918
1822.000000	0.255683
1824.000000	0.279511
1826.000000	0.238404
1828.000000	0.202359
1830.000000	0.191801
1832.000000	0.226021
1834.000000	0.292153
1836.000000	0.379579
1838.000000	0.433982
1840.000000	0.437525
1842.000000	0.347131
1844.000000	0.321818
1846.000000	0.306133
1848.000000	0.382027
1850.000000	0.401744
1852.000000	0.328537
1854.000000	0.337372
1856.000000	0.405943
1858.000000	0.411963
1860.000000	0.367199
1862.000000	0.321508
1864.000000	0.320498
1866.000000	0.329166
1868.000000	0.379688
1870.000000	0.388354
1872.000000	0.4233
1874.000000	0.438116
1876.000000	0.430062
1878.000000	0.397939
1880.000000	0.341992
1882.000000	0.307909
1884.000000	0.250213
1886.000000	0.265442
1888.000000	0.260129
1890.000000	0.292055
1892.000000	0.289649
1894.000000	0.23283
1896.000000	0.268088
1898.000000	0.308238
1900.000000	0.3376
1902.000000	0.402826
1904.000000	0.403744
1906.000000	0.432459
1908.000000	0.377159
1910.000000	0.348209
1912.000000	0.335255
1914.000000	0.352005
1916.000000	0.333361
1918.000000	0.29893
1920.000000	0.317887
1922.000000	0.416211
1924.000000	0.374278
1926.000000	0.35923
1928.000000	0.295178
1930.000000	0.281747
1932.000000	0.236487
1934.000000	0.264159
1936.000000	0.264799
1938.000000	0.303269
1940.000000	0.384788
1942.000000	0.339303
1944.000000	0.274333
1946.000000	0.187937
1948.000000	0.224282
1950.000000	0.292089
1952.000000	0.283599
1954.000000	0.283139
1956.000000	0.273784
1958.000000	0.279147
1960.000000	0.287486
1962.000000	0.344732
1964.000000	0.307166
1966.000000	0.272065
1968.000000	0.198651
1970.000000	0.234179
1972.000000	0.259078
1974.000000	0.309605
1976.000000	0.300011
1978.000000	0.276969
1980.000000	0.286069
1982.000000	0.317475
1984.000000	0.286862
1986.000000	0.280038
1988.000000	0.317905
1990.000000	0.314028
1992.000000	0.262493
1994.000000	0.237837
1996.000000	0.221816
1998.000000	0.20509
2000.000000	0.229551
2002.000000	0.29702
2004.000000	0.306013
2006.000000	0.258179
2008.000000	0.182701
2010.000000	0.180898
2012.000000	0.152314
2014.000000	0.176537
2016.000000	0.209925
2018.000000	0.232634
2020.000000	0.296248
2022.000000	0.311806
2024.000000	0.274451
2026.000000	0.237668
2028.000000	0.308097
2030.000000	0.302286
2032.000000	0.279923
2034.000000	0.29549
2036.000000	0.344023
2038.000000	0.363931
2040.000000	0.306683
2042.000000	0.253166
2044.000000	0.297599
2046.000000	0.312255
2048.000000	0.27243
2050.000000	0.203896
2052.000000	0.167374
2054.000000	0.185612
2056.000000	0.203312
2058.000000	0.181207
2060.000000	0.187157
2062.000000	0.216516
2064.000000	0.215724
2066.000000	0.22589
2068.000000	0.264421
2070.000000	0.315991
2072.000000	0.267371
2074.000000	0.231881
2076.000000	0.20081
2078.000000	0.193578
2080.000000	0.206332
2082.000000	0.221167
2084.000000	0.226784
2086.000000	0.232214
2088.000000	0.190502
2090.000000	0.199435
2092.000000	0.167886
2094.000000	0.175792
2096.000000	0.202199
2098.000000	0.25059
2100.000000	0.248886
2102.000000	0.188433
2104.000000	0.144962
2106.000000	0.278283
2108.000000	0.338048
2110.000000	0.348482
2112.000000	0.32417
2114.000000	0.334883
2116.000000	0.285907
2118.000000	0.209446
2120.000000	0.169902
2122.000000	0.183049
2124.000000	0.204817
2126.000000	0.252332
2128.000000	0.238486
2130.000000	0.225199
2132.000000	0.214328
2134.000000	0.202744
2136.000000	0.214945
2138.000000	0.274267
2140.000000	0.335151
2142.000000	0.277589
2144.000000	0.233155
2146.000000	0.191298
2148.000000	0.214179
2150.000000	0.219505
2152.000000	0.207065
2154.000000	0.236686
2156.000000	0.275471
2158.000000	0.298224
2160.000000	0.285741
2162.000000	0.250463
2164.000000	0.20191
2166.000000	0.249606
2168.000000	0.265617
2170.000000	0.321858
2172.000000	0.269223
2174.000000	0.244554
2176.000000	0.212307
2178.000000	0.206497
2180.000000	0.202516
2182.000000	0.160568
2184.000000	0.170663
2186.000000	0.178999
2188.000000	0.215557
2190.000000	0.20182
2192.000000	0.165452
2194.000000	0.195186
2196.000000	0.238286
2198.000000	0.163142
2200.000000	0.096528
2202.000000	0.116501
2204.000000	0.1911
2206.000000	0.210106
2208.000000	0.205013
2210.000000	0.227576
2212.000000	0.207113
2214.000000	0.188689
2216.000000	0.146397
2218.000000	0.145724
2220.000000	0.182767
2222.000000	0.20335
2224.000000	0.133928
2226.000000	0.139119
2228.000000	0.164731
2230.000000	0.239284
2232.000000	0.189231
2234.000000	0.224155
2236.000000	0.178137
2238.000000	0.219174
2240.000000	0.225442
2242.000000	0.223784
2244.000000	0.229265
2246.000000	0.22508
2248.000000	0.263247
2250.000000	0.228877
2252.000000	0.211764
2254.000000	0.230712
2256.000000	0.244887
2258.000000	0.247959
2260.000000	0.196795
2262.000000	0.173032
2264.000000	0.191117
2266.000000	0.264221
2268.000000	0.262052
2270.000000	0.189875
2272.000000	0.153337
2274.000000	0.143558
2276.000000	0.159519
2278.000000	0.189634
2280.000000	0.190284
2282.000000	0.262521
2284.000000	0.297981
2286.000000	0.279867
2288.000000	0.209513
2290.000000	0.121606
2292.000000	0.186233
2294.000000	0.192381
2296.000000	0.243781
2298.000000	0.179328
2300.000000	0.148848
2302.000000	0.0741676
2304.000000	0.11534
2306.000000	0.147441
2308.000000	0.171805
2310.000000	0.135547
2312.000000	0.159505
2314.000000	0.218683
2316.000000	0.221548
2318.000000	0.176796
2320.000000	0.142553
2322.000000	0.155185
2324.000000	0.185107
2326.000000	0.13677
2328.000000	0.149801
2330.000000	0.173172
2332.000000	0.161318
2334.000000	0.188668
2336.000000	0.217798
2338.000000	0.252798
2340.000000	0.2635
2342.000000	0.254518
2344.000000	0.223937
2346.000000	0.176365
2348.000000	0.16784
2350.000000	0.197243
2352.000000	0.196901
2354.000000	0.152695
2356.000000	0.10518
2358.000000	0.126813
2360.000000	0.139482
2362.000000	0.143412
2364.000000	0.137284
2366.000000	0.183877
2368.000000	0.149753
2370.000000	0.120151
2372.000000	0.0691307
2374.000000	0.12331
2376.000000	0.145308
2378.000000	0.162799
2380.000000	0.168792
2382.000000	0.192385
2384.000000	0.244393
2386.000000	0.35637
2388.000000	0.310866
2390.000000	0.258478
2392.000000	0.144341
2394.000000	0.212823
2396.000000	0.185429
2398.000000	0.195329
2400.000000	0.140349
2402.000000	0.140276
2404.000000	0.146393
2406.000000	0.124351
2408.000000	0.115627
2410.000000	0.129816
2412.000000	0.21452
2414.000000	0.235189
2416.000000	0.184618
2418.000000	0.112096
2420.000000	0.124812
2422.000000	0.182635
2424.000000	0.219064
2426.000000	0.190941
2428.000000	0.152368
2430.000000	0.150212
2432.000000	0.170279
2434.000000	0.219604
2436.000000	0.19935
2438.000000	0.161259
2440.000000	0.0881443
2442.000000	0.0831292
2444.000000	0.133513
2446.000000	0.171146
2448.000000	0.18825
2450.000000	0.123811
2452.000000	0.111884
2454.000000	0.107418
2456.000000	0.191445
2458.000000	0.191952
2460.000000	0.194782
2462.000000	0.147157
2464.000000	0.11414
2466.000000	0.142517
2468.000000	0.181316
2470.000000	0.182343
2472.000000	0.166839
2474.000000	0.189343
2476.000000	0.159891
2478.000000	0.116379
2480.000000	0.0849781
2482.000000	0.132852
2484.000000	0.18392
2486.000000	0.180886
2488.000000	0.13602
2490.000000	0.0943355
2492.000000	0.107715
2494.000000	0.107378
2496.000000	0.125009
2498.000000	0.130905
2500.000000	0.164272
2502.000000	0.163056
2504.000000	0.176004
2506.000000	0.132417
2508.000000	0.102831
2510.000000	0.0759593
2512.000000	0.0758696
2514.000000	0.0832115
2516.000000	0.0872171
2518.000000	0.0657568
2520.000000	0.108583
2522.000000	0.14407
2524.000000	0.115582
2526.000000	0.10048
2528.000000	0.114523
2530.000000	0.150026
2532.000000	0.15635
2534.000000	0.104114
2536.000000	0.0898405
2538.000000	0.0945885
2540.000000	0.12182
2542.000000	0.097332
2544.000000	0.135235
2546.000000	0.114987
2548.000000	0.157013
2550.000000	0.149263
2552.000000	0.195264
2554.000000	0.208511
2556.000000	0.178769
2558.000000	0.142498
2560.000000	0.113097
2562.000000	0.109189
2564.000000	0.0970531
2566.000000	0.0808963
2568.000000	0.126775
2570.000000	0.15071
2572.000000	0.190642
2574.000000	0.159385
2576.000000	0.107854
2578.000000	0.112939
2580.000000	0.110901
2582.000000	0.11825
2584.000000	0.135665
2586.000000	0.120195
2588.000000	0.110106
2590.000000	0.0635339
2592.000000	0.082556
2594.000000	0.163647
2596.000000	0.158664
2598.000000	0.15038
2600.000000	0.0509656
2602.000000	0.0771599
2604.000000	0.121687
2606.000000	0.176928
2608.000000	0.146104
2610.000000	0.119831
2612.000000	0.0722815
2614.000000	0.122187
2616.000000	0.138437
2618.000000	0.165547
2620.000000	0.118829
2622.000000	0.133202
2624.000000	0.119533
2626.000000	0.118896
2628.000000	0.0930189
2630.000000	0.0771049
2632.000000	0.106723
2634.000000	0.1682
2636.000000	0.204373
2638.000000	0.140791
2640.000000	0.114397
2642.000000	0.120245
2644.000000	0.104746
2646.000000	0.0724557
2648.000000	0.038555
2650.000000	0.0762852
2652.000000	0.0895441
2654.000000	0.0891136
2656.000000	0.0681757
2658.000000	0.0558929
2660.000000	0.0238108
2662.000000	0.0463712
2664.000000	0.112792
2666.000000	0.120382
2668.000000	0.112048
2670.000000	0.0986209
2672.000000	0.114956
2674.000000	0.167076
2676.000000	0.102096
2678.000000	0.0649865
2680.000000	0.0622275
2682.000000	0.100064
2684.000000	0.128882
2686.000000	0.127755
2688.000000	0.122839
2690.000000	0.0894885
2692.000000	0.0724548
2694.000000	0.108015
2696.000000	0.132018
2698.000000	0.140692
2700.000000	0.0929687
2702.000000	0.0789526
2704.000000	0.108384
2706.000000	0.101241
2708.000000	0.0788017
2710.000000	0.075964
2712.000000	0.0769536
2714.000000	0.0943647
2716.000000	0.0822386
2718.000000	0.120727
2720.000000	0.141253
2722.000000	0.157131
2724.000000	0.125762
2726.000000	0.105118
2728.000000	0.0948531
2730.000000	0.0896165
2732.000000	0.112996
2734.000000	0.0916781
2736.000000	0.0817377
2738.000000	0.148816
2740.000000	0.153519
2742.000000	0.146945
2744.000000	0.0813729
2746.000000	0.0927401
2748.000000	0.0756399
2750.000000	0.06031
2752.000000	0.0972389
2754.000000	0.13651
2756.000000	0.154511
2758.000000	0.129002
2760.000000	0.135009
2762.000000	0.114855
2764.000000	0.0524771
2766.000000	0.0917842
2768.000000	0.129715
2770.000000	0.205283
2772.000000	0.15929
2774.000000	0.159585
2776.000000	0.120014
2778.000000	0.11328
2780.000000	0.10994
2782.000000	0.0435069
2784.000000	0.0609616
2786.000000	0.092687
2788.000000	0.0910601
2790.000000	0.0654132
2792.000000	0.0437729
2794.000000	0.0722136
2796.000000	0.114721
2798.000000	0.0938131
2800.000000	0.0943976
2802.000000	0.0806582
2804.000000	0.108351
2806.000000	0.0953987
2808.000000	0.0928144
2810.000000	0.0709245
2812.000000	0.0525962
2814.000000	0.0437465
2816.000000	0.0317258
2818.000000	0.0607944
2820.000000	0.148002
2822.000000	0.174328
2824.000000	0.202036
2826.000000	0.144375
2828.000000	0.102186
2830.000000	0.100391
2832.000000	0.0889928
2834.000000	0.0964309
2836.000000	0.0891642
2838.000000	0.0719503
2840.000000	0.0495707
2842.000000	0.034707
2844.000000	0.0465597
2846.000000	0.0686537
2848.000000	0.0594185
2850.000000	0.0570414
2852.000000	0.0677458
2854.000000	0.0699619
2856.000000	0.0891307
2858.000000	0.103492
2860.000000	0.0810658
2862.000000	0.121793
2864.000000	0.107275
2866.000000	0.11084
2868.000000	0.105135
2870.000000	0.0914467
2872.000000	0.0819154
2874.000000	0.0743481
2876.000000	0.0684968
2878.000000	0.0503543
2880.000000	0.0819506
2882.000000	0.0619851
2884.000000	0.029042
2886.000000	0.0127229
2888.000000	0
2890.000000	0
2892.000000	0
2894.000000	0
2896.000000	0.0196238
2898.000000	0.0453127
2900.000000	0.0556743
2902.000000	0.0371145
2904.000000	0.0102213
2906.000000	0
2908.000000	0.0188326
2910.000000	0.033725
2912.000000	0.0348759
2914.000000	0.0173013
2916.000000	0.0101619
2918.000000	0
2920.000000	0
2922.000000	0.0159263
2924.000000	0.0203062
2926.000000	0.0328971
2928.000000	0.0183477
2930.000000	0.014571
2932.000000	0.00607323
2934.000000	0.0144192
2936.000000	0.0159065
2938.000000	0.0161941
2940.000000	0.0162911
2942.000000	0.0163673
2944.000000	0.0300094
2946.000000	0.028
2948.000000	0.0271069
2950.000000	0.0251678
2952.000000	0.0374455
2954.000000	0.030565
2956.000000	0.0181648
2958.000000	0
2960.000000	0
2962.000000	0
2964.000000	0
2966.000000	0
2968.000000	0
2970.000000	0
2972.000000	0
2974.000000	0.0177111
2976.000000	0.0176726
2978.000000	0.0134988
2980.000000	0
2982.000000	0
2984.000000	0.0188476
2986.000000	0.0195099
2988.000000	0.0197025
2990.000000	0.00034019
2992.000000	0
2994.000000	0
2996.000000	0.0127611
2998.000000	0.0350658
3000.000000	0.0381851
3002.000000	0.0176294
3004.000000	0.0101619
3006.000000	0
3008.000000	0.00962787
3010.000000	0.0179925
3012.000000	0.0172829
3014.000000	0.0255791
3016.000000	0.0189814
3018.000000	0.0290787
3020.000000	0.0214259
3022.000000	0.0264697
3024.000000	0.0380911
3026.000000	0.0388842
3028.000000	0.017576
3030.000000	0.00243328
3032.000000	0.00916192
3034.000000	0.020864
3036.000000	0.0325169
3038.000000	0.0284189
3040.000000	0.034717
3042.000000	0.0269512
3044.000000	0.0149107
3046.000000	0
3048.000000	0.0264137
3050.000000	0.0401249
3052.000000	0.0412755
3054.000000	0.00443809
3056.000000	0
3058.000000	0
3060.000000	0
3062.000000	0
3064.000000	0
3066.000000	0.00493321
3068.000000	0.0193736
3070.000000	0.0194232
3072.000000	0.00941786
3074.000000	0
3076.000000	0
3078.000000	0
3080.000000	0
3082.000000	0
3084.000000	0
3086.000000	0
3088.000000	0
3090.000000	0
3092.000000	0
3094.000000	0
3096.000000	0.000441354
3098.000000	0.02123
3100.000000	0.0206302
3102.000000	0.0133844
3104.000000	0.0151972
3106.000000	0.0164514
3108.000000	0.0174358
3110.000000	0.00117637
3112.000000	0
3114.000000	0
3116.000000	0
3118.000000	0.0147574
3120.000000	0.0171332
3122.000000	0.0168381
3124.000000	0.023747
3126.000000	0.0373979
3128.000000	0.038966
3130.000000	0.0264477
3132.000000	0.0213537
3134.000000	0.0209732
3136.000000	0.00672753
3138.000000	0
3140.000000	0.00962787
3142.000000	0.0179925
3144.000000	0.0172829
3146.000000	0.01247
3148.000000	0
3150.000000	0
3152.000000	0.0092657
3154.000000	0.0164503
3156.000000	0.0171014
3158.000000	0.0267853
3160.000000	0.0194592
3162.000000	0.0264466
3164.000000	0.0196112
3166.000000	0.0197052
3168.000000	0.0102213
3170.000000	0.00828661
3172.000000	0.0161041
3174.000000	0.0301112
3176.000000	0.0316218
3178.000000	0.0173013
3180.000000	0.0101619
3182.000000	0.00446571
3184.000000	0.0204087
3186.000000	0.0204204
3188.000000	0.013606
3190.000000	0
3192.000000	0
3194.000000	0
3196.000000	0
3198.000000	0.00995238
3200.000000	0.021063
3202.000000	0.021842
3204.000000	0.000523966
3206.000000	0
3208.000000	0.0142489
3210.000000	0.0156888
3212.000000	0.0157392
3214.000000	0.00763172
3216.000000	0
3218.000000	0
3220.000000	0
3222.000000	0
3224.000000	0
3226.000000	0
3228.000000	0
3230.000000	0
3232.000000	0
3234.000000	0
3236.000000	0
3238.000000	0
3240.000000	0
3242.000000	0
3244.000000	0
3246.000000	0
3248.000000	0
3250.000000	0
3252.000000	0
3254.000000	0
3256.000000	0
3258.000000	0
3260.000000	0
3262.000000	0
3264.000000	0
3266.000000	0
3268.000000	0.00309014
3270.000000	0.0172052
3272.000000	0.0176633
3274.000000	0.0180658
3276.000000	0.00165854
3278.000000	0
3280.000000	0
3282.000000	0
3284.000000	0
3286.000000	0
3288.000000	0
3290.000000	0
3292.000000	0.0188476
3294.000000	0.0195099
3296.000000	0.0197025
3298.000000	0.00034019
3300.000000	0
3302.000000	0
3304.000000	0
3306.000000	0
3308.000000	0
3310.000000	0
3312.000000	0
3314.000000	0
3316.000000	0
3318.000000	0
3320.000000	0
3322.000000	0
3324.000000	0
3326.000000	0.00831241
3328.000000	0.0144867
3330.000000	0.0154689
3332.000000	0.0117158
3334.000000	0
3336.000000	0.0203034
3338.000000	0.0208002
3340.000000	0.0303878
3342.000000	0.0324561
3344.000000	0.033006
3346.000000	0.0243291
3348.000000	0
3350.000000	0
3352.000000	0
3354.000000	0
3356.000000	0
3358.000000	0
3360.000000	0
3362.000000	0
3364.000000	0
3366.000000	0
3368.000000	0
3370.000000	0
3372.000000	0
3374.000000	0
3376.000000	0
3378.000000	0
3380.000000	0.0100383
3382.000000	0.0195768
3384.000000	0.0203026
3386.000000	0.00509808
3388.000000	0
3390.000000	0
3392.000000	0
3394.000000	0.0082871
3396.000000	0.0190401
3398.000000	0.0195733
3400.000000	0.0118654
3402.000000	0
3404.000000	0
3406.000000	0
3408.000000	0
3410.000000	0
3412.000000	0
3414.000000	0
3416.000000	0
3418.000000	0
3420.000000	0
3422.000000	0
3424.000000	0
3426.000000	0
3428.000000	0
3430.000000	0
3432.000000	0
3434.000000	0
3436.000000	0
3438.000000	0
3440.000000	0
3442.000000	0
3444.000000	0
3446.000000	0
3448.000000	0
3450.000000	0
3452.000000	0
3454.000000	0
3456.000000	0
3458.000000	0
3460.000000	0
3462.000000	0
3464.000000	0
3466.000000	0
3468.000000	0
3470.000000	0.0147427
3472.000000	0.0207875
3474.000000	0.0174958
3476.000000	0
3478.000000	0
3480.000000	0
3482.000000	0
3484.000000	0
3486.000000	0
3488.000000	0
3490.000000	0
3492.000000	0
3494.000000	0
3496.000000	0
3498.000000	0
3500.000000	0
3502.000000	0
3504.000000	0
3506.000000	0
3508.000000	0
3510.000000	0
3512.000000	0.0245528
3514.000000	0.0254061
3516.000000	0.0256499
3518.000000	0.0255338
3520.000000	0.0252716
3522.000000	0.0249767
3524.000000	0.000909617
3526.000000	0
3528.000000	0
3530.000000	0
3532.000000	0
3534.000000	0
3536.000000	0
3538.000000	0
3540.000000	0
3542.000000	0
3544.000000	0
3546.000000	0
3548.000000	0
3550.000000	0
3552.000000	0
3554.000000	0
3556.000000	0
3558.000000	0
3560.000000	0
3562.000000	0
3564.000000	0
3566.000000	0
3568.000000	0
3570.000000	0
3572.000000	0
3574.000000	0
3576.000000	0
3578.000000	0
3580.000000	0.0172098
3582.000000	0.0321204
3584.000000	0.0308567
3586.000000	0.0227349
3588.000000	0
3590.000000	0
3592.000000	0
3594.000000	0
3596.000000	0
3598.000000	0
3600.000000	0
3602.000000	0
3604.000000	0
3606.000000	0
3608.000000	0
3610.000000	0
3612.000000	0
3614.000000	0
3616.000000	0
3618.000000	0
3620.000000	0
3622.000000	0
3624.000000	0
3626.000000	0
3628.000000	0
3630.000000	0
3632.000000	0
3634.000000	0
3636.000000	0
3638.000000	0
3640.000000	0
3642.000000	0
3644.000000	0
3646.000000	0
3648.000000	0
3650.000000	0
3652.000000	0
3654.000000	0
3656.000000	0
3658.000000	0
3660.000000	0
3662.000000	0
3664.000000	0
3666.000000	0
3668.000000	0
3670.000000	0
3672.000000	0
3674.000000	0
3676.000000	0
3678.000000	0
3680.000000	0
3682.000000	0
