418.000000	20.9153
420.000000	20.9713
422.000000	21.0326
424.000000	20.8984
426.000000	20.9502
428.000000	21.2257
430.000000	21.7595
432.000000	20.8414
434.000000	20.6716
436.000000	20.3636
438.000000	19.8932
440.000000	19.0837
442.000000	19.4856
444.000000	18.9977
446.000000	18.2194
448.000000	17.237
450.000000	17.4939
452.000000	17.7869
454.000000	17.8828
456.000000	17.8039
458.000000	18.1984
460.000000	18.2266
462.000000	17.8241
464.000000	16.8989
466.000000	16.617
468.000000	16.7904
470.000000	16.6777
472.000000	16.5287
474.000000	16.6506
476.000000	17.0471
478.000000	17.1922
480.000000	17.1589
482.000000	17.1345
484.000000	16.709
486.000000	15.8725
488.000000	15.6156
490.000000	15.358
492.000000	15.2662
494.000000	14.7852
496.000000	14.9974
498.000000	14.9138
500.000000	14.3645
502.000000	14.1914
504.000000	14.1943
506.000000	14.0119
508.000000	13.5667
510.000000	13.5796
512.000000	13.8331
514.000000	13.6524
516.000000	13.6762
518.000000	13.707
520.000000	13.9603
522.000000	13.6474
524.000000	13.2667
526.000000	13.0853
528.000000	13.1663
530.000000	13.4425
532.000000	13.0743
534.000000	13.0304
536.000000	12.9719
538.000000	13.3368
540.000000	13.3742
542.000000	13.3594
544.000000	13.0984
546.000000	12.7477
548.000000	12.5889
550.000000	12.5152
552.000000	12.3356
554.000000	12.8535
556.000000	13.1426
558.000000	13.2076
560.000000	12.8041
562.000000	12.5914
564.000000	12.4649
566.000000	12.4097
568.000000	12.3923
570.000000	12.0943
572.000000	11.9872
574.000000	11.9147
576.000000	12.1877
578.000000	12.2885
580.000000	12.3024
582.000000	12.176
584.000000	12.0998
586.000000	11.9489
588.000000	11.7066
590.000000	11.64
592.000000	11.5254
594.000000	11.6401
596.000000	11.4673
598.000000	11.3582
600.000000	11.385
602.000000	11.566
604.000000	11.6918
606.000000	11.6722
608.000000	11.5684
610.000000	11.5263
612.000000	11.3717
614.000000	11.4611
616.000000	11.3162
618.000000	11.0993
620.000000	10.8368
622.000000	10.9074
624.000000	10.9892
626.000000	10.9827
628.000000	10.95
630.000000	11.0841
632.000000	11.313
634.000000	11.3186
636.000000	11.1855
638.000000	11.0899
640.000000	10.9705
642.000000	10.5686
644.000000	10.3745
646.000000	10.4273
648.000000	10.4469
650.000000	10.4943
652.000000	10.4686
654.000000	10.5185
656.000000	10.5057
658.000000	10.5681
660.000000	10.5857
662.000000	10.6934
664.000000	10.8041
666.000000	10.621
668.000000	10.4909
670.000000	10.4881
672.000000	10.3929
674.000000	10.3843
676.000000	10.3825
678.000000	10.5828
680.000000	10.7053
682.000000	10.6539
684.000000	10.3882
686.000000	10.2454
688.000000	10.2092
690.000000	10.4584
692.000000	10.6264
694.000000	10.7636
696.000000	10.5778
698.000000	10.5348
700.000000	10.3766
702.000000	10.2018
704.000000	10.149
706.000000	10.344
708.000000	10.4389
710.000000	10.4356
712.000000	10.4682
714.000000	10.6641
716.000000	10.4419
718.000000	10.1929
720.000000	10.0326
722.000000	10.1502
724.000000	10.0024
726.000000	10.0528
728.000000	10.2736
730.000000	10.561
732.000000	10.5517
734.000000	10.2583
736.000000	10.0428
738.000000	10.0429
740.000000	10.3372
742.000000	10.422
744.000000	10.3977
746.000000	10.2428
748.000000	10.3593
750.000000	10.3233
752.000000	10.2077
754.000000	10.1327
756.000000	10.0958
758.000000	10.3726
760.000000	10.4119
762.000000	10.2937
764.000000	9.92112
766.000000	9.94465
768.000000	10.0256
770.000000	10.1259
772.000000	10.042
774.000000	9.9874
776.000000	9.98012
778.000000	10.2114
780.000000	10.2069
782.000000	9.99917
784.000000	9.97662
786.000000	9.98056
788.000000	10.2339
790.000000	10.3913
792.000000	10.4589
794.000000	10.2887
796.000000	10.0266
798.000000	9.95743
800.000000	10.0664
802.000000	10.0457
804.000000	9.85707
806.000000	9.58326
808.000000	9.48852
810.000000	9.53582
812.000000	9.7485
814.000000	9.91808
816.000000	10.2192
818.000000	10.5101
820.000000	10.2741
822.000000	9.99886
824.000000	9.84794
826.000000	9.90985
828.000000	10.0133
830.000000	9.9347
832.000000	9.90318
834.000000	9.86135
836.000000	9.81776
838.000000	9.7249
840.000000	9.53952
842.000000	9.72296
844.000000	9.83687
846.000000	10.2407
848.000000	10.2834
850.000000	10.2054
852.000000	10.1442
854.000000	10.1636
856.000000	10.1073
858.000000	10.0337
860.000000	10.0517
862.000000	9.85568
864.000000	9.55745
866.000000	9.60946
868.000000	9.91888
870.000000	10.2972
872.000000	10.35
874.000000	10.0803
876.000000	10.0235
878.000000	10.0549
880.000000	10.2358
882.000000	10.3433
884.000000	10.316
886.000000	10.117
888.000000	10.1433
890.000000	10.5246
892.000000	10.491
894.000000	10.2645
896.000000	10.1054
898.000000	10.0657
900.000000	10.0556
902.000000	9.98596
904.000000	9.92353
906.000000	9.9523
908.000000	9.91588
910.000000	10.0042
912.000000	10.2258
914.000000	10.2917
916.000000	10.107
918.000000	9.87008
920.000000	9.88409
922.000000	9.73757
924.000000	9.92998
926.000000	10.0669
928.000000	10.2231
930.000000	10.0888
932.000000	9.97353
934.000000	9.95012
936.000000	10.3342
938.000000	10.6151
940.000000	10.5432
942.000000	10.1787
944.000000	9.80951
946.000000	9.66805
948.000000	9.40381
950.000000	9.71428
952.000000	10.0232
954.000000	10.4917
956.000000	10.4935
958.000000	10.3573
960.000000	10.3272
962.000000	10.1225
964.000000	10.0555
966.000000	10.0085
968.000000	10.0768
970.000000	9.92407
972.000000	9.735
974.000000	9.57521
976.000000	9.63492
978.000000	10.0033
980.000000	10.0191
982.000000	9.92177
984.000000	9.54859
986.000000	9.52741
988.000000	9.99189
990.000000	10.1846
992.000000	10.324
994.000000	10.2162
996.000000	10.2274
998.000000	10.4092
1000.000000	10.3012
1002.000000	10.0794
1004.000000	10.0883
1006.000000	10.1254
1008.000000	10.1146
1010.000000	9.93585
1012.000000	10.1643
1014.000000	10.3984
1016.000000	10.2983
1018.000000	10.0716
1020.000000	9.95941
1022.000000	10.1652
1024.000000	10.157
1026.000000	10.109
1028.000000	9.97174
1030.000000	9.97103
1032.000000	10.2251
1034.000000	10.453
1036.000000	10.3397
1038.000000	10.2513
1040.000000	10.3382
1042.000000	10.7887
1044.000000	11.0513
1046.000000	11.165
1048.000000	11.1008
1050.000000	11.0607
1052.000000	11.0439
1054.000000	11.0604
1056.000000	11.1453
1058.000000	11.7307
1060.000000	12.4076
1062.000000	12.702
1064.000000	12.8141
1066.000000	12.9663
1068.000000	13.0342
1070.000000	13.0482
1072.000000	13.589
1074.000000	14.0945
1076.000000	14.4758
1078.000000	14.5667
1080.000000	14.7099
1082.000000	15.1477
1084.000000	15.5943
1086.000000	16.4686
1088.000000	16.495
1090.000000	16.7308
1092.000000	17.143
1094.000000	17.2587
1096.000000	17.0836
1098.000000	17.0577
1100.000000	16.918
1102.000000	16.9015
1104.000000	16.4413
1106.000000	16.0037
1108.000000	15.5967
1110.000000	15.2273
1112.000000	14.985
1114.000000	14.5315
1116.000000	13.9827
1118.000000	13.6305
1120.000000	13.3667
1122.000000	12.9574
1124.000000	12.2469
1126.000000	11.4957
1128.000000	11.0254
1130.000000	10.5718
1132.000000	10.2944
1134.000000	10.3809
1136.000000	10.0932
1138.000000	9.86079
1140.000000	9.37325
1142.000000	9.27129
1144.000000	9.28538
1146.000000	9.29258
1148.000000	9.27378
1150.000000	9.14165
1152.000000	9.01229
1154.000000	8.60622
1156.000000	8.44124
1158.000000	8.21608
1160.000000	8.35994
1162.000000	8.36382
1164.000000	8.5116
1166.000000	8.48848
1168.000000	8.15763
1170.000000	7.74827
1172.000000	7.80916
1174.000000	7.95314
1176.000000	8.18743
1178.000000	8.14449
1180.000000	8.07185
1182.000000	7.88511
1184.000000	7.83708
1186.000000	7.88228
1188.000000	7.9119
1190.000000	7.92071
1192.000000	7.85439
1194.000000	7.87929
1196.000000	7.9089
1198.000000	7.85253
1200.000000	7.8454
1202.000000	7.84548
1204.000000	7.82199
1206.000000	7.7096
1208.000000	7.69928
1210.000000	7.62513
1212.000000	7.41407
1214.000000	7.37964
1216.000000	7.21886
1218.000000	7.1464
1220.000000	7.00049
1222.000000	7.3746
1224.000000	7.61064
1226.000000	7.78067
1228.000000	7.53442
1230.000000	7.38334
1232.000000	7.40598
1234.000000	7.30974
1236.000000	7.04082
1238.000000	6.91655
1240.000000	6.88809
1242.000000	7.06703
1244.000000	7.23108
1246.000000	7.31934
1248.000000	7.28589
1250.000000	7.07608
1252.000000	7.11544
1254.000000	7.16189
1256.000000	7.05976
1258.000000	7.10717
1260.000000	7.15149
1262.000000	7.09665
1264.000000	6.84757
1266.000000	6.82833
1268.000000	6.8342
1270.000000	6.93539
1272.000000	6.93955
1274.000000	6.92457
1276.000000	6.96716
1278.000000	7.07435
1280.000000	7.02184
1282.000000	6.98536
1284.000000	7.0181
1286.000000	6.95506
1288.000000	6.94039
1290.000000	6.91458
1292.000000	6.70409
1294.000000	6.3207
1296.000000	6.4768
1298.000000	6.60054
1300.000000	6.72384
1302.000000	6.6486
1304.000000	6.57487
1306.000000	6.46024
1308.000000	6.56061
1310.000000	6.49744
1312.000000	6.56025
1314.000000	6.45898
1316.000000	6.35557
1318.000000	6.30992
1320.000000	6.38963
1322.000000	6.54104
1324.000000	6.58173
1326.000000	6.48777
1328.000000	6.34554
1330.000000	6.18491
1332.000000	6.29044
1334.000000	6.39459
1336.000000	6.34564
1338.000000	6.24278
1340.000000	6.18062
1342.000000	6.22151
1344.000000	6.28838
1346.000000	6.247
1348.000000	6.32337
1350.000000	6.35327
1352.000000	6.23271
1354.000000	6.04237
1356.000000	6.07227
1358.000000	6.18061
1360.000000	6.22072
1362.000000	6.10485
1364.000000	5.79434
1366.000000	5.66906
1368.000000	5.63139
1370.000000	5.78355
1372.000000	5.9725
1374.000000	6.17427
1376.000000	6.1214
1378.000000	5.95372
1380.000000	5.68567
1382.000000	5.59249
1384.000000	5.62643
1386.000000	5.79843
1388.000000	5.76166
1390.000000	5.76701
1392.000000	5.70883
1394.000000	5.79774
1396.000000	5.89481
1398.000000	5.84588
1400.000000	5.74499
1402.000000	5.78601
1404.000000	5.96286
1406.000000	6.03579
1408.000000	5.86256
1410.000000	5.66423
1412.000000	5.58234
1414.000000	5.71033
1416.000000	5.85465
1418.000000	5.81806
1420.000000	5.68822
1422.000000	5.42383
1424.000000	5.15749
1426.000000	5.06313
1428.000000	5.26045
1430.000000	5.48243
1432.000000	5.56563
1434.000000	5.49903
1436.000000	5.38346
1438.000000	5.26027
1440.000000	5.23967
1442.000000	5.34882
1444.000000	5.5559
1446.000000	5.47706
1448.000000	5.35495
1450.000000	5.23094
1452.000000	5.2638
1454.000000	5.28313
1456.000000	5.37515
1458.000000	5.48654
1460.000000	5.53124
1462.000000	5.45895
1464.000000	5.43043
1466.000000	5.42868
1468.000000	5.37073
1470.000000	5.40767
1472.000000	5.2977
1474.000000	5.1636
1476.000000	4.89339
1478.000000	4.96496
1480.000000	5.05609
1482.000000	5.28948
1484.000000	5.37485
1486.000000	5.36638
1488.000000	5.30567
1490.000000	5.28344
1492.000000	5.2332
1494.000000	5.11528
1496.000000	5.13866
1498.000000	5.2778
1500.000000	5.36805
1502.000000	5.2373
1504.000000	5.19177
1506.000000	5.2717
1508.000000	5.42069
1510.000000	5.52336
1512.000000	5.55507
1514.000000	5.41137
1516.000000	5.31119
1518.000000	5.21231
1520.000000	5.23181
1522.000000	5.13464
1524.000000	5.00553
1526.000000	5.00545
1528.000000	5.00528
1530.000000	5.01722
1532.000000	4.91335
1534.000000	4.94291
1536.000000	5.01405
1538.000000	4.82294
1540.000000	4.70325
1542.000000	4.59791
1544.000000	4.80243
1546.000000	4.86327
1548.000000	4.8602
1550.000000	4.65144
1552.000000	4.67962
1554.000000	4.70228
1556.000000	4.77908
1558.000000	4.7234
1560.000000	4.72553
1562.000000	4.69569
1564.000000	4.74617
1566.000000	4.76377
1568.000000	4.62921
1570.000000	4.53573
1572.000000	4.4171
1574.000000	4.52097
1576.000000	4.69895
1578.000000	4.84592
1580.000000	5.00601
1582.000000	5.09008
1584.000000	5.13607
1586.000000	5.07972
1588.000000	4.92791
1590.000000	4.73306
1592.000000	4.61961
1594.000000	4.65218
1596.000000	4.84621
1598.000000	5.11763
1600.000000	5.19475
1602.000000	5.19511
1604.000000	5.10265
1606.000000	5.2394
1608.000000	5.17617
1610.000000	5.17205
1612.000000	5.10144
1614.000000	5.22046
1616.000000	5.2828
1618.000000	5.37168
1620.000000	5.62557
1622.000000	5.6466
1624.000000	5.72358
1626.000000	5.57924
1628.000000	5.622
1630.000000	5.72472
1632.000000	5.83843
1634.000000	5.80435
1636.000000	5.74217
1638.000000	5.86514
1640.000000	5.96741
1642.000000	6.0127
1644.000000	6.21141
1646.000000	6.42599
1648.000000	6.55365
1650.000000	6.3972
1652.000000	6.22793
1654.000000	6.2283
1656.000000	6.22056
1658.000000	6.31632
1660.000000	6.40343
1662.000000	6.61399
1664.000000	6.55955
1666.000000	6.41249
1668.000000	6.28364
1670.000000	6.24951
1672.000000	6.28982
1674.000000	6.1636
1676.000000	6.01641
1678.000000	5.95044
1680.000000	5.89579
1682.000000	5.86064
1684.000000	5.73627
1686.000000	5.58532
1688.000000	5.41198
1690.000000	5.42765
1692.000000	5.30294
1694.000000	5.08979
1696.000000	4.65012
1698.000000	4.11917
1700.000000	3.92379
1702.000000	3.68494
1704.000000	3.57941
1706.000000	3.39582
1708.000000	3.29218
1710.000000	3.16874
1712.000000	2.94635
1714.000000	2.76354
1716.000000	2.7362
1718.000000	2.72552
1720.000000	2.42053
1722.000000	2.3323
1724.000000	2.22233
1726.000000	2.15124
1728.000000	2.10192
1730.000000	2.08413
1732.000000	1.96844
1734.000000	1.94509
1736.000000	1.75709
1738.000000	1.66437
1740.000000	1.41763
1742.000000	1.34244
1744.000000	1.33304
1746.000000	1.3082
1748.000000	1.27161
1750.000000	1.13803
1752.000000	1.0746
1754.000000	1.08731
1756.000000	1.0558
1758.000000	0.983464
1760.000000	0.902234
1762.000000	0.874028
1764.000000	0.89447
1766.000000	0.880539
1768.000000	0.862108
1770.000000	0.900081
1772.000000	0.920615
1774.000000	0.955646
1776.000000	0.943228
1778.000000	0.925147
1780.000000	0.867146
1782.000000	0.830631
1784.000000	0.771196
1786.000000	0.710725
1788.000000	0.695276
1790.000000	0.747175
1792.000000	0.800548
1794.000000	0.807154
1796.000000	0.722046
1798.000000	0.656472
1800.000000	0.629854
1802.000000	0.645006
1804.000000	0.654705
1806.000000	0.62919
1808.000000	0.577783
1810.000000	0.566301
1812.000000	0.575546
1814.000000	0.566891
1816.000000	0.587599
1818.000000	0.625179
1820.000000	0.624478
1822.000000	0.57646
1824.000000	0.50796
1826.000000	0.532393
1828.000000	0.540122
1830.000000	0.515559
1832.000000	0.460996
1834.000000	0.516859
1836.000000	0.570018
1838.000000	0.562555
1840.000000	0.487837
1842.000000	0.419415
1844.000000	0.390798
1846.000000	0.406589
1848.000000	0.41832
1850.000000	0.409957
1852.000000	0.445554
1854.000000	0.49038
1856.000000	0.535788
1858.000000	0.521035
1860.000000	0.504156
1862.000000	0.45308
1864.000000	0.433597
1866.000000	0.39913
1868.000000	0.447044
1870.000000	0.467009
1872.000000	0.490065
1874.000000	0.443301
1876.000000	0.430809
1878.000000	0.438259
1880.000000	0.463847
1882.000000	0.455779
1884.000000	0.431564
1886.000000	0.403845
1888.000000	0.408979
1890.000000	0.375706
1892.000000	0.341192
1894.000000	0.324288
1896.000000	0.372323
1898.000000	0.426538
1900.000000	0.447702
1902.000000	0.420041
1904.000000	0.402284
1906.000000	0.368756
1908.000000	0.374283
1910.000000	0.326992
1912.000000	0.349929
1914.000000	0.359767
1916.000000	0.377562
1918.000000	0.372458
1920.000000	0.387636
1922.000000	0.425528
1924.000000	0.437999
1926.000000	0.404488
1928.000000	0.342314
1930.000000	0.347112
1932.000000	0.330351
1934.000000	0.302532
1936.000000	0.302601
1938.000000	0.295865
1940.000000	0.304688
1942.000000	0.283015
1944.000000	0.284517
1946.000000	0.287112
1948.000000	0.298832
1950.000000	0.308988
1952.000000	0.34768
1954.000000	0.328936
1956.000000	0.341097
1958.000000	0.353108
1960.000000	0.384272
1962.000000	0.366823
1964.000000	0.359446
1966.000000	0.335077
1968.000000	0.318553
1970.000000	0.320954
1972.000000	0.346386
1974.000000	0.36347
1976.000000	0.33585
1978.000000	0.308363
1980.000000	0.289869
1982.000000	0.294269
1984.000000	0.313301
1986.000000	0.319715
1988.000000	0.322749
1990.000000	0.349515
1992.000000	0.347196
1994.000000	0.308558
1996.000000	0.258945
1998.000000	0.272191
2000.000000	0.289376
2002.000000	0.292415
2004.000000	0.247692
2006.000000	0.285062
2008.000000	0.285142
2010.000000	0.283991
2012.000000	0.301066
2014.000000	0.320517
2016.000000	0.329312
2018.000000	0.331022
2020.000000	0.349593
2022.000000	0.368546
2024.000000	0.367736
2026.000000	0.343109
2028.000000	0.323053
2030.000000	0.348814
2032.000000	0.365449
2034.000000	0.398922
2036.000000	0.371205
2038.000000	0.32877
2040.000000	0.298175
2042.000000	0.298042
2044.000000	0.348908
2046.000000	0.332633
2048.000000	0.292902
2050.000000	0.268209
2052.000000	0.245696
2054.000000	0.252618
2056.000000	0.256468
2058.000000	0.262207
2060.000000	0.262647
2062.000000	0.276032
2064.000000	0.25323
2066.000000	0.232367
2068.000000	0.216376
2070.000000	0.256773
2072.000000	0.282449
2074.000000	0.259939
2076.000000	0.226535
2078.000000	0.231044
2080.000000	0.252657
2082.000000	0.290701
2084.000000	0.331267
2086.000000	0.318969
2088.000000	0.304945
2090.000000	0.295601
2092.000000	0.311582
2094.000000	0.300321
2096.000000	0.302122
2098.000000	0.278752
2100.000000	0.25533
2102.000000	0.234559
2104.000000	0.265178
2106.000000	0.303284
2108.000000	0.303572
2110.000000	0.302614
2112.000000	0.294483
2114.000000	0.291247
2116.000000	0.262352
2118.000000	0.277425
2120.000000	0.316342
2122.000000	0.274448
2124.000000	0.226452
2126.000000	0.186384
2128.000000	0.231514
2130.000000	0.250232
2132.000000	0.270288
2134.000000	0.283155
2136.000000	0.300904
2138.000000	0.302882
2140.000000	0.283069
2142.000000	0.278744
2144.000000	0.261734
2146.000000	0.242965
2148.000000	0.278506
2150.000000	0.299299
2152.000000	0.295192
2154.000000	0.285369
2156.000000	0.319009
2158.000000	0.356698
2160.000000	0.377531
2162.000000	0.395728
2164.000000	0.394825
2166.000000	0.38539
2168.000000	0.355282
2170.000000	0.299465
2172.000000	0.258191
2174.000000	0.268907
2176.000000	0.302218
2178.000000	0.326348
2180.000000	0.335551
2182.000000	0.305787
2184.000000	0.293049
2186.000000	0.288459
2188.000000	0.267658
2190.000000	0.266398
2192.000000	0.297669
2194.000000	0.321883
2196.000000	0.323064
2198.000000	0.285309
2200.000000	0.271224
2202.000000	0.268187
2204.000000	0.278442
2206.000000	0.302758
2208.000000	0.310281
2210.000000	0.326242
2212.000000	0.323712
2214.000000	0.319673
2216.000000	0.305627
2218.000000	0.349491
2220.000000	0.325021
2222.000000	0.296767
2224.000000	0.239814
2226.000000	0.238603
2228.000000	0.253943
2230.000000	0.336998
2232.000000	0.336005
2234.000000	0.308193
2236.000000	0.249886
2238.000000	0.232755
2240.000000	0.237195
2242.000000	0.247161
2244.000000	0.253453
2246.000000	0.263553
2248.000000	0.256104
2250.000000	0.242302
2252.000000	0.229478
2254.000000	0.199523
2256.000000	0.201368
2258.000000	0.206648
2260.000000	0.205098
2262.000000	0.19674
2264.000000	0.205903
2266.000000	0.218436
2268.000000	0.202687
2270.000000	0.181591
2272.000000	0.17146
2274.000000	0.171527
2276.000000	0.158692
2278.000000	0.129396
2280.000000	0.151084
2282.000000	0.142835
2284.000000	0.156636
2286.000000	0.130829
2288.000000	0.111204
2290.000000	0.100093
2292.000000	0.0774788
2294.000000	0.0823429
2296.000000	0.0903458
2298.000000	0.091515
2300.000000	0.0959011
2302.000000	0.102837
2304.000000	0.0813899
2306.000000	0.0648759
2308.000000	0.0321879
2310.000000	0.0371753
2312.000000	0.0401165
2314.000000	0.041516
2316.000000	0.0401853
2318.000000	0.0249606
2320.000000	0.0206355
2322.000000	0.0256347
2324.000000	0.031688
2326.000000	0.0322818
2328.000000	0.0295414
2330.000000	0.0312796
2332.000000	0.0287645
2334.000000	0.0205096
2336.000000	0.0190271
2338.000000	0.0200695
2340.000000	0.0251773
2342.000000	0.0267221
2344.000000	0.0197698
2346.000000	0.0092647
2348.000000	0.0168965
2350.000000	0.0237683
2352.000000	0.0345775
2354.000000	0.0272536
2356.000000	0.0171552
2358.000000	0.00838441
2360.000000	0.0114821
2362.000000	0.0113465
2364.000000	0.0187054
2366.000000	0.0126894
2368.000000	0.0117105
2370.000000	0.00508942
2372.000000	0.00327641
2374.000000	0.00562235
2376.000000	0.00886225
2378.000000	0.00886026
2380.000000	0.00429721
2382.000000	0.00740506
2384.000000	0.0081252
2386.000000	0.0177852
2388.000000	0.015582
2390.000000	0.00850479
2392.000000	0.00588697
2394.000000	0.00467465
2396.000000	0.010625
2398.000000	0.0136626
2400.000000	0.0163023
2402.000000	0.00834386
2404.000000	0.00166985
2406.000000	0
2408.000000	0.00226531
2410.000000	0.00486358
2412.000000	0.0134267
2414.000000	0.0175067
2416.000000	0.0175801
2418.000000	0.0131579
2420.000000	0.00748041
2422.000000	0.00474722
2424.000000	0.00826663
2426.000000	0.0120266
2428.000000	0.0101664
2430.000000	0.00778963
2432.000000	0.00874107
2434.000000	0.0091616
2436.000000	0.00665551
2438.000000	0.00332721
2440.000000	0.00592
2442.000000	0.0146456
2444.000000	0.0143508
2446.000000	0.00836544
2448.000000	0.0117525
2450.000000	0.0145939
2452.000000	0.0127239
2454.000000	0.00302436
2456.000000	0
2458.000000	0.000745885
2460.000000	0.00925075
2462.000000	0.0106639
2464.000000	0.0138887
2466.000000	0.0134561
2468.000000	0.0131114
2470.000000	0.0110452
2472.000000	0.00927626
2474.000000	0.00508225
2476.000000	0.00833022
2478.000000	0.0113955
2480.000000	0.0153643
2482.000000	0.00984123
2484.000000	0.0153642
2486.000000	0.0181937
2488.000000	0.0204654
2490.000000	0.0104619
2492.000000	0.00828081
2494.000000	0.00945858
2496.000000	0.0121124
2498.000000	0.00699019
2500.000000	0.00485054
2502.000000	0.00488428
2504.000000	0.00613072
2506.000000	0.00444949
2508.000000	0.00626258
2510.000000	0.0204638
2512.000000	0.0177136
2514.000000	0.0113263
2516.000000	0
2518.000000	0
2520.000000	0.00570309
2522.000000	0.010146
2524.000000	0.00999406
2526.000000	0.00815859
2528.000000	0.00974692
2530.000000	0.0135392
2532.000000	0.016673
2534.000000	0.0131997
2536.000000	0.0126521
2538.000000	0.00997967
2540.000000	0.0100287
2542.000000	0.0049849
2544.000000	0.00917227
2546.000000	0.00551366
2548.000000	0.00496725
2550.000000	0.000962606
2552.000000	0.00406307
2554.000000	0.00431742
2556.000000	0.0129509
2558.000000	0.00975309
2560.000000	0.00902839
2562.000000	0.00124882
2564.000000	0.00177312
2566.000000	0.00591691
2568.000000	0.0100082
2570.000000	0.00867825
2572.000000	0.0036154
2574.000000	0
2576.000000	0.0049153
2578.000000	0.00830482
2580.000000	0.00853309
2582.000000	0.0045455
2584.000000	0.00432455
2586.000000	0.0043946
2588.000000	0.00448158
2590.000000	0.000629384
2592.000000	0
2594.000000	0.00474345
2596.000000	0.00768785
2598.000000	0.00915313
2600.000000	0.00962556
2602.000000	0.00790635
2604.000000	0.0049125
2606.000000	0
2608.000000	0.00158387
2610.000000	0.00399796
2612.000000	0.00398555
2614.000000	0.0039852
2616.000000	0.000220421
2618.000000	0
2620.000000	0
2622.000000	0.00536298
2624.000000	0.00586742
2626.000000	0.00328179
2628.000000	0
2630.000000	0.00512789
2632.000000	0.00571609
2634.000000	0.00494898
2636.000000	0
2638.000000	0.000878898
2640.000000	0.00406307
2642.000000	0.00409123
2644.000000	0.00412176
2646.000000	0.0027873
2648.000000	0.00462764
2650.000000	0.00834009
2652.000000	0.00826967
2654.000000	0.00894806
2656.000000	0.00632674
2658.000000	0.00426008
2660.000000	0.000409882
2662.000000	0.00116675
2664.000000	0.00610716
2666.000000	0.00568238
2668.000000	0.00166985
2670.000000	0
2672.000000	0
2674.000000	0
2676.000000	0.00469068
2678.000000	0.00488428
2680.000000	0.00496725
2682.000000	8.37079e-005
2684.000000	0
2686.000000	0
2688.000000	0.00358223
2690.000000	0.00608341
2692.000000	0.00610381
2694.000000	9.67901e-005
2696.000000	0.000827857
2698.000000	0.00446488
2700.000000	0.00672046
2702.000000	0.00850288
2704.000000	0.00468109
2706.000000	0.00313816
2708.000000	0.00419234
2710.000000	0.00442995
2712.000000	0.00452389
2714.000000	0.000297646
2716.000000	0
2718.000000	0
2720.000000	0.00239926
2722.000000	0.00405107
2724.000000	0.00403858
2726.000000	0.00317098
2728.000000	0
2730.000000	0
2732.000000	0
2734.000000	0.00278549
2736.000000	0.00538793
2738.000000	0.0170959
2740.000000	0.0156072
2742.000000	0.0136657
2744.000000	0.00738365
2746.000000	0.00397025
2748.000000	0.00579367
2750.000000	0.00963736
2752.000000	0.0116409
2754.000000	0.0139911
2756.000000	0.0101814
2758.000000	0.00900592
2760.000000	0.0049419
2762.000000	0.00486358
2764.000000	0.00483312
2766.000000	0.00253979
2768.000000	0.00276352
2770.000000	0.0061709
2772.000000	0.00613282
2774.000000	0.00609803
2776.000000	0.0061052
2778.000000	0.00433801
2780.000000	0
2782.000000	0.0085285
2784.000000	0.00935896
2786.000000	0.00939874
2788.000000	0.00541885
2790.000000	0.00467465
2792.000000	0.00470499
2794.000000	0.00238102
2796.000000	0.00610716
2798.000000	0.00568238
2800.000000	0.00166985
2802.000000	0
2804.000000	0
2806.000000	0
2808.000000	0.00239926
2810.000000	0.00405107
2812.000000	0.011341
2814.000000	0.0112529
2816.000000	0.00815766
2818.000000	0.00392231
2820.000000	0.00358223
2822.000000	0.00784338
2824.000000	0.0121734
2826.000000	0.0062846
2828.000000	0.00616499
2830.000000	0.00614803
2832.000000	0.00600852
2834.000000	0
2836.000000	0.00555996
2838.000000	0.00928035
2840.000000	0.00834356
2842.000000	0.00438805
2844.000000	0
2846.000000	0
2848.000000	0.00146461
2850.000000	0.00636208
2852.000000	0.00638971
2854.000000	0.00183451
2856.000000	0
2858.000000	0
2860.000000	0
2862.000000	0
2864.000000	0.00448925
2866.000000	0.00465691
2868.000000	0.00464863
2870.000000	0.00466455
2872.000000	0.00467948
2874.000000	0.00469937
2876.000000	0.000754513
2878.000000	0.00135618
2880.000000	0.00881501
2882.000000	0.0104967
2884.000000	0.00955188
2886.000000	0.00391469
2888.000000	0.00400921
2890.000000	0.00411844
2892.000000	0
2894.000000	0
2896.000000	0.00239926
2898.000000	0.00639649
2900.000000	0.0137975
2902.000000	0.0173053
2904.000000	0.0150548
2906.000000	0.0102268
2908.000000	0.00412176
2910.000000	0.00262871
2912.000000	0.00436167
2914.000000	0.00451824
2916.000000	0.00735995
2918.000000	0.00547859
2920.000000	0.00535607
2922.000000	0.00116298
2924.000000	0
2926.000000	0.00106487
2928.000000	0.00385739
2930.000000	0.00360264
2932.000000	0.0037285
2934.000000	0.000255996
2936.000000	0.00334695
2938.000000	0.0160571
2940.000000	0.0190922
2942.000000	0.0167617
2944.000000	0.00925052
2946.000000	0.00560271
2948.000000	0.00371215
2950.000000	0
2952.000000	0
2954.000000	0
2956.000000	0
2958.000000	0
2960.000000	0.00177312
2962.000000	0.00467843
2964.000000	0.00467836
2966.000000	0.00332721
2968.000000	0.0151595
2970.000000	0.015918
2972.000000	0.0144713
2974.000000	0.00856294
2976.000000	0.00450235
2978.000000	0.00488749
2980.000000	0.00267659
2982.000000	0
2984.000000	0
2986.000000	0
2988.000000	0
2990.000000	0
2992.000000	0
2994.000000	0
2996.000000	0
2998.000000	0
3000.000000	0
3002.000000	0
3004.000000	0.00158387
3006.000000	0.00399796
3008.000000	0.00398555
3010.000000	0.0039852
3012.000000	0.00435115
3014.000000	0.00590899
3016.000000	0.00538439
3018.000000	0.00492864
3020.000000	0.00514084
3022.000000	0.00772489
3024.000000	0.0040766
3026.000000	0.00411924
3028.000000	0.00167839
3030.000000	0.000745885
3032.000000	0.00559953
3034.000000	0.00560271
3036.000000	0.00598725
3038.000000	0.012247
3040.000000	0.0148955
3042.000000	0.0110282
3044.000000	0.00362491
3046.000000	0
3048.000000	0.00570309
3050.000000	0.010146
3052.000000	0.0126689
3054.000000	0.00795544
3056.000000	0.00799551
3058.000000	0.00700584
3060.000000	0.00353278
3062.000000	0.00391465
3064.000000	0.00695819
3066.000000	0.0185894
3068.000000	0.0185866
3070.000000	0.0103634
3072.000000	0.000242043
3074.000000	0
3076.000000	0
3078.000000	0.004117
3080.000000	0.00557766
3082.000000	0.00983584
3084.000000	0.0130885
3086.000000	0.0128189
3088.000000	0.0118984
3090.000000	0.000400299
3092.000000	0
3094.000000	0
3096.000000	0
3098.000000	0
3100.000000	0
3102.000000	0.00116675
3104.000000	0.00683011
3106.000000	0.00955726
3108.000000	0.00567906
3110.000000	0.00424786
3112.000000	0.00432455
3114.000000	0.00635718
3116.000000	0.00894407
3118.000000	0.00508942
3120.000000	0.00692762
3122.000000	0.00506116
3124.000000	0.0101765
3126.000000	0.0188264
3128.000000	0.0147273
3130.000000	0.010436
3132.000000	0.00606962
3134.000000	0.00984595
3136.000000	0.0115232
3138.000000	0.0150961
3140.000000	0.0123353
3142.000000	0.00426008
3144.000000	0.000409882
3146.000000	0.0023335
3148.000000	0.0122143
3150.000000	0.0113648
3152.000000	0.00333971
3154.000000	0.00442955
3156.000000	0.0120824
3158.000000	0.0121418
3160.000000	0.00292632
3162.000000	0
3164.000000	0.00232693
3166.000000	0.00873157
3168.000000	0.00877535
3170.000000	0.0137192
3172.000000	0.0061052
3174.000000	0.00712349
3176.000000	0.00588541
3178.000000	0.0110034
3180.000000	0.00738853
3182.000000	0.00639182
3184.000000	0.006104
3186.000000	0.00608807
3188.000000	0.00191763
3190.000000	0
3192.000000	0
3194.000000	0.00536298
3196.000000	0.00586742
3198.000000	0.00624216
3200.000000	0.00640824
3202.000000	0.00639989
3204.000000	0.000159854
3206.000000	0
3208.000000	0
3210.000000	0.004117
3212.000000	0.00557766
3214.000000	0.0109473
3216.000000	0.00649256
3218.000000	0.00827995
3220.000000	0.00898931
3222.000000	0.0092002
3224.000000	0.00662582
3226.000000	0
3228.000000	0
3230.000000	0
3232.000000	0
3234.000000	0.00336405
3236.000000	0.00415559
3238.000000	0.00925475
3240.000000	0.00745338
3242.000000	0.00328179
3244.000000	0.00372992
3246.000000	0.0131882
3248.000000	0.0156853
3250.000000	0.00958022
3252.000000	0.00887594
3254.000000	0.00662291
3256.000000	0.00980983
3258.000000	0.0114949
3260.000000	0.00862215
3262.000000	0.00638828
3264.000000	0.00462764
3266.000000	0.00468195
3268.000000	0.0046846
3270.000000	0.00467843
3272.000000	0.00467836
3274.000000	0.00332721
3276.000000	0
3278.000000	0.00116675
3280.000000	0.00610716
3282.000000	0.00568238
3284.000000	0.00585227
3286.000000	0.0062402
3288.000000	0.00496449
3290.000000	0
3292.000000	0
3294.000000	0
3296.000000	0.00276352
3298.000000	0.0071911
3300.000000	0.0122305
3302.000000	0.00685226
3304.000000	0.00251695
3306.000000	0
3308.000000	0.000947302
3310.000000	0.00950743
3312.000000	0.0095397
3314.000000	0.00826808
3316.000000	0.00130555
3318.000000	0
3320.000000	0
3322.000000	0.00116675
3324.000000	0.00610716
3326.000000	0.00568238
3328.000000	0.00166985
3330.000000	0
3332.000000	0.00108165
3334.000000	0.00410303
3336.000000	0.00408047
3338.000000	0.00406698
3340.000000	0.000374583
3342.000000	0
3344.000000	0
3346.000000	0.00537034
3348.000000	0.0061052
3350.000000	0.00712349
3352.000000	0.00538793
3354.000000	0.00977964
3356.000000	0.0119653
3358.000000	0.0148564
3360.000000	0.0109166
3362.000000	0.0105451
3364.000000	0.00983104
3366.000000	0.00982703
3368.000000	0.00888832
3370.000000	0.00672097
3372.000000	0.00188913
3374.000000	0
3376.000000	0
3378.000000	0
3380.000000	0.00619427
3382.000000	0.00635285
3384.000000	0.00351103
3386.000000	0.000878898
3388.000000	0.00406307
3390.000000	0.00946156
3392.000000	0.0147162
3394.000000	0.0135153
3396.000000	0.0138218
3398.000000	0.0134562
3400.000000	0.0114469
3402.000000	0.00401311
3404.000000	0.00789022
3406.000000	0.0086449
3408.000000	0.0163275
3410.000000	0.0124148
3412.000000	0.011598
3414.000000	0.0097962
3416.000000	0.00823754
3418.000000	0.00427211
3420.000000	0.00300257
3422.000000	0
3424.000000	0.00469068
3426.000000	0.00488428
3428.000000	0.00496725
3430.000000	8.37079e-005
3432.000000	0.0018749
3434.000000	0.00554872
3436.000000	0.00550322
3438.000000	0.0054358
3440.000000	0.00538793
3442.000000	0.00917353
3444.000000	0.0063974
3446.000000	0.00572167
3448.000000	0.00743472
3450.000000	0.0155794
3452.000000	0.0192022
3454.000000	0.0152151
3456.000000	0.00598554
3458.000000	0.00674082
3460.000000	0.0138256
3462.000000	0.0188526
3464.000000	0.0117177
3466.000000	0.00924713
3468.000000	0.015988
3470.000000	0.0153529
3472.000000	0.0114766
3474.000000	0.0137077
3476.000000	0.0105205
3478.000000	0.0102725
3480.000000	0.0061052
3482.000000	0.00798966
3484.000000	0.0104313
3486.000000	0.0143642
3488.000000	0.0102904
3490.000000	0.00448318
3492.000000	0.00197714
3494.000000	0
3496.000000	0
3498.000000	0
3500.000000	0
3502.000000	0
3504.000000	0
3506.000000	0.00479936
3508.000000	0.00531567
3510.000000	0.00536938
3512.000000	0.00218644
3514.000000	0
3516.000000	0.00151467
3518.000000	0.011041
3520.000000	0.0129645
3522.000000	0.0126784
3524.000000	0.000503606
3526.000000	0
3528.000000	0
3530.000000	0.00553779
3532.000000	0.00813082
3534.000000	0.0112881
3536.000000	0.00615118
3538.000000	0.00516796
3540.000000	0.000285807
3542.000000	0
3544.000000	0
3546.000000	0
3548.000000	0
3550.000000	0
3552.000000	0
3554.000000	0
3556.000000	0
3558.000000	0
3560.000000	0
3562.000000	0
3564.000000	0
3566.000000	0
3568.000000	0
3570.000000	0
3572.000000	0
3574.000000	0
3576.000000	0
3578.000000	0
3580.000000	0
3582.000000	0
3584.000000	0
3586.000000	0.00613325
3588.000000	0.00834063
3590.000000	0.00901149
3592.000000	0.00389818
3594.000000	0.000347362
3596.000000	0.0120723
3598.000000	0.0122552
3600.000000	0.01248
3602.000000	0.0123768
3604.000000	0.0123243
3606.000000	0.0121791
3608.000000	0.00414642
3610.000000	0
3612.000000	0
3614.000000	0
3616.000000	0.00124487
3618.000000	0.0111137
3620.000000	0.0110992
3622.000000	0.011083
3624.000000	0.00360239
3626.000000	0
3628.000000	0
3630.000000	0
3632.000000	0
3634.000000	0
3636.000000	0
3638.000000	0
3640.000000	0.00620882
3642.000000	0.0235397
3644.000000	0.0371216
3646.000000	0.0464381
3648.000000	0.0252498
3650.000000	0.018102
3652.000000	0
3654.000000	0
3656.000000	0
3658.000000	0
3660.000000	0.0025564
3662.000000	0.022823
3664.000000	0.0227929
3666.000000	0.0227472
3668.000000	0.00739488
3670.000000	0
3672.000000	0
3674.000000	0
3676.000000	0
3678.000000	0
3680.000000	0
3682.000000	0
