418.000000	62.4344
420.000000	60.7057
422.000000	62.4059
424.000000	64.0941
426.000000	61.7189
428.000000	59.7486
430.000000	63.9572
432.000000	61.4988
434.000000	57.7898
436.000000	55.5908
438.000000	53.8498
440.000000	49.6866
442.000000	53.293
444.000000	54.7257
446.000000	54.6519
448.000000	52.9171
450.000000	53.0901
452.000000	50.5965
454.000000	48.9816
456.000000	48.065
458.000000	45.3057
460.000000	43.501
462.000000	45.0603
464.000000	47.5625
466.000000	45.6024
468.000000	44.6258
470.000000	43.7651
472.000000	43.2158
474.000000	40.9885
476.000000	40.4589
478.000000	40.7238
480.000000	41.291
482.000000	39.2234
484.000000	38.6409
486.000000	39.9509
488.000000	40.0586
490.000000	38.1625
492.000000	36.601
494.000000	36.317
496.000000	35.5464
498.000000	35.5852
500.000000	37.087
502.000000	36.9876
504.000000	35.9468
506.000000	35.4352
508.000000	34.899
510.000000	34.7679
512.000000	33.683
514.000000	33.5472
516.000000	33.2118
518.000000	32.4773
520.000000	32.1955
522.000000	32.7841
524.000000	33.5288
526.000000	32.1398
528.000000	31.4449
530.000000	32.1918
532.000000	30.3965
534.000000	29.9476
536.000000	29.1693
538.000000	28.475
540.000000	27.893
542.000000	27.8209
544.000000	28.7697
546.000000	29.5652
548.000000	29.1432
550.000000	28.1729
552.000000	26.6089
554.000000	26.1086
556.000000	25.9691
558.000000	25.6028
560.000000	25.6674
562.000000	25.6983
564.000000	25.8995
566.000000	25.9765
568.000000	26.2904
570.000000	25.8132
572.000000	25.3016
574.000000	24.5754
576.000000	24.2294
578.000000	24.4567
580.000000	24.8066
582.000000	24.4452
584.000000	23.6047
586.000000	22.3352
588.000000	21.8044
590.000000	21.6622
592.000000	22.4602
594.000000	22.1148
596.000000	21.1096
598.000000	20.3361
600.000000	20.302
602.000000	20.2023
604.000000	20.1654
606.000000	20.1398
608.000000	18.9545
610.000000	18.9581
612.000000	19.8412
614.000000	20.8026
616.000000	20.4295
618.000000	20.5137
620.000000	19.4994
622.000000	19.6009
624.000000	19.5417
626.000000	19.443
628.000000	19.1195
630.000000	18.6093
632.000000	18.2713
634.000000	17.8596
636.000000	18.0142
638.000000	17.544
640.000000	16.5151
642.000000	15.4855
644.000000	15.5998
646.000000	15.7315
648.000000	15.7141
650.000000	15.3025
652.000000	14.3335
654.000000	14.2156
656.000000	14.2188
658.000000	14.9254
660.000000	15.1339
662.000000	15.2503
664.000000	14.4924
666.000000	13.845
668.000000	13.3358
670.000000	13.1829
672.000000	13.2223
674.000000	13.4765
676.000000	13.5542
678.000000	13.9377
680.000000	14.0158
682.000000	13.936
684.000000	13.4134
686.000000	12.6167
688.000000	11.9255
690.000000	11.2237
692.000000	11.2829
694.000000	11.2312
696.000000	10.8797
698.000000	10.9705
700.000000	10.7911
702.000000	10.5825
704.000000	10.59
706.000000	10.7318
708.000000	11.1395
710.000000	11.2893
712.000000	11.4667
714.000000	11.6325
716.000000	11.3562
718.000000	10.8794
720.000000	10.5894
722.000000	10.3843
724.000000	10.1061
726.000000	9.86168
728.000000	9.60793
730.000000	8.98755
732.000000	8.80738
734.000000	8.95077
736.000000	9.11982
738.000000	9.09899
740.000000	8.89082
742.000000	8.88099
744.000000	8.27315
746.000000	7.65272
748.000000	7.67211
750.000000	8.04104
752.000000	8.33755
754.000000	8.09639
756.000000	7.80051
758.000000	7.52145
760.000000	7.53948
762.000000	7.72723
764.000000	7.73127
766.000000	7.92923
768.000000	7.90422
770.000000	7.9886
772.000000	7.68718
774.000000	7.54911
776.000000	7.3831
778.000000	6.70527
780.000000	6.68337
782.000000	7.26233
784.000000	7.57284
786.000000	7.36019
788.000000	6.65436
790.000000	6.32749
792.000000	6.40261
794.000000	6.40441
796.000000	6.20719
798.000000	6.51692
800.000000	6.82274
802.000000	6.82436
804.000000	6.45775
806.000000	5.92018
808.000000	5.65615
810.000000	5.90445
812.000000	6.12468
814.000000	6.10574
816.000000	5.7333
818.000000	5.38938
820.000000	5.26958
822.000000	5.20375
824.000000	4.99036
826.000000	4.73044
828.000000	4.59938
830.000000	5.16634
832.000000	5.49139
834.000000	5.18137
836.000000	4.91536
838.000000	4.95923
840.000000	4.94399
842.000000	4.9665
844.000000	5.13222
846.000000	5.27167
848.000000	5.18192
850.000000	4.99207
852.000000	5.05104
854.000000	4.81671
856.000000	4.63215
858.000000	4.35072
860.000000	4.23582
862.000000	4.34255
864.000000	4.18421
866.000000	4.1338
868.000000	4.11099
870.000000	4.06619
872.000000	3.88454
874.000000	3.75636
876.000000	3.67316
878.000000	3.70008
880.000000	3.81866
882.000000	4.02359
884.000000	4.1066
886.000000	4.21377
888.000000	4.32722
890.000000	4.13812
892.000000	3.90591
894.000000	3.66882
896.000000	3.73681
898.000000	3.5973
900.000000	3.59421
902.000000	3.59408
904.000000	3.59994
906.000000	3.37131
908.000000	3.26082
910.000000	3.03631
912.000000	3.12312
914.000000	3.15807
916.000000	3.51387
918.000000	3.52365
920.000000	3.64877
922.000000	3.43547
924.000000	3.21312
926.000000	3.0983
928.000000	2.84742
930.000000	2.99442
932.000000	3.16026
934.000000	3.15359
936.000000	3.0067
938.000000	2.85825
940.000000	2.75272
942.000000	2.87297
944.000000	2.91847
946.000000	2.94089
948.000000	2.70789
950.000000	2.65641
952.000000	2.68364
954.000000	2.58978
956.000000	2.7341
958.000000	2.81761
960.000000	2.64934
962.000000	2.68815
964.000000	2.75818
966.000000	2.62132
968.000000	2.54148
970.000000	2.50472
972.000000	2.73945
974.000000	2.68099
976.000000	2.49505
978.000000	2.32592
980.000000	2.38032
982.000000	2.2978
984.000000	2.17203
986.000000	2.3245
988.000000	2.46517
990.000000	2.50033
992.000000	2.38822
994.000000	2.38788
996.000000	2.17065
998.000000	2.03564
1000.000000	1.99749
1002.000000	2.18589
1004.000000	2.30924
1006.000000	2.43592
1008.000000	2.52771
1010.000000	2.45134
1012.000000	2.23924
1014.000000	2.34397
1016.000000	2.16698
1018.000000	2.03758
1020.000000	1.88545
1022.000000	1.73082
1024.000000	1.84248
1026.000000	2.06868
1028.000000	2.39462
1030.000000	2.44796
1032.000000	2.31759
1034.000000	2.22853
1036.000000	2.22212
1038.000000	2.1307
1040.000000	2.1213
1042.000000	2.02073
1044.000000	2.16127
1046.000000	2.13206
1048.000000	2.13965
1050.000000	2.13954
1052.000000	2.15772
1054.000000	1.96693
1056.000000	1.81615
1058.000000	1.85138
1060.000000	2.02165
1062.000000	1.98801
1064.000000	1.9662
1066.000000	1.90299
1068.000000	1.95799
1070.000000	1.98098
1072.000000	1.86127
1074.000000	1.7058
1076.000000	1.72112
1078.000000	1.70093
1080.000000	1.82918
1082.000000	1.86753
1084.000000	1.79924
1086.000000	1.62633
1088.000000	1.672
1090.000000	1.70452
1092.000000	1.74448
1094.000000	1.83589
1096.000000	1.98108
1098.000000	2.00006
1100.000000	1.90878
1102.000000	1.88828
1104.000000	2.03654
1106.000000	2.00821
1108.000000	1.91459
1110.000000	1.95016
1112.000000	1.84926
1114.000000	1.78182
1116.000000	1.74515
1118.000000	1.76211
1120.000000	1.73067
1122.000000	1.77026
1124.000000	1.77058
1126.000000	1.93364
1128.000000	2.01524
1130.000000	2.00769
1132.000000	1.88549
1134.000000	1.86381
1136.000000	1.80795
1138.000000	1.75067
1140.000000	1.85776
1142.000000	1.9169
1144.000000	1.97381
1146.000000	2.08269
1148.000000	2.39601
1150.000000	2.20739
1152.000000	1.89966
1154.000000	1.66868
1156.000000	1.68453
1158.000000	1.73232
1160.000000	1.72985
1162.000000	1.85114
1164.000000	1.78122
1166.000000	1.79588
1168.000000	1.86805
1170.000000	1.93965
1172.000000	1.94169
1174.000000	2.04489
1176.000000	2.04822
1178.000000	2.15987
1180.000000	2.14273
1182.000000	2.11217
1184.000000	2.10317
1186.000000	2.11412
1188.000000	2.2313
1190.000000	2.28104
1192.000000	2.57637
1194.000000	2.55058
1196.000000	2.50413
1198.000000	2.36522
1200.000000	2.20769
1202.000000	2.23605
1204.000000	2.11873
1206.000000	2.10085
1208.000000	2.10188
1210.000000	1.92052
1212.000000	1.80402
1214.000000	1.67313
1216.000000	1.58524
1218.000000	1.43713
1220.000000	1.36925
1222.000000	1.48979
1224.000000	1.58071
1226.000000	1.76015
1228.000000	1.69122
1230.000000	1.78828
1232.000000	1.71138
1234.000000	1.65729
1236.000000	1.51279
1238.000000	1.52668
1240.000000	1.64263
1242.000000	1.81915
1244.000000	1.70289
1246.000000	1.55704
1248.000000	1.48002
1250.000000	1.34912
1252.000000	1.40279
1254.000000	1.3269
1256.000000	1.41915
1258.000000	1.50002
1260.000000	1.44746
1262.000000	1.30496
1264.000000	1.14289
1266.000000	1.1532
1268.000000	1.06194
1270.000000	1.15239
1272.000000	1.16659
1274.000000	1.04537
1276.000000	0.896853
1278.000000	0.896091
1280.000000	1.00014
1282.000000	1.3114
1284.000000	1.63051
1286.000000	1.69704
1288.000000	1.45575
1290.000000	1.25558
1292.000000	1.2976
1294.000000	1.3882
1296.000000	1.37851
1298.000000	1.21536
1300.000000	1.09466
1302.000000	1.0612
1304.000000	1.01332
1306.000000	0.833252
1308.000000	0.829579
1310.000000	0.915427
1312.000000	1.0069
1314.000000	0.977024
1316.000000	0.927487
1318.000000	0.948899
1320.000000	0.964747
1322.000000	0.969717
1324.000000	0.889977
1326.000000	0.860049
1328.000000	0.874391
1330.000000	0.804029
1332.000000	0.757311
1334.000000	0.69967
1336.000000	0.652169
1338.000000	0.747293
1340.000000	0.855941
1342.000000	0.913153
1344.000000	0.845505
1346.000000	0.763782
1348.000000	0.791769
1350.000000	0.890267
1352.000000	0.884341
1354.000000	0.827745
1356.000000	0.854641
1358.000000	0.871411
1360.000000	0.866934
1362.000000	0.795474
1364.000000	0.799367
1366.000000	0.742171
1368.000000	0.724357
1370.000000	0.711906
1372.000000	0.746351
1374.000000	0.770929
1376.000000	0.669101
1378.000000	0.572092
1380.000000	0.59599
1382.000000	0.723906
1384.000000	0.75437
1386.000000	0.837497
1388.000000	0.788119
1390.000000	0.823882
1392.000000	0.806449
1394.000000	0.711103
1396.000000	0.652403
1398.000000	0.70897
1400.000000	0.705472
1402.000000	0.782354
1404.000000	0.824593
1406.000000	0.783263
1408.000000	0.702808
1410.000000	0.569733
1412.000000	0.574395
1414.000000	0.571217
1416.000000	0.649444
1418.000000	0.70544
1420.000000	0.654348
1422.000000	0.710432
1424.000000	0.641312
1426.000000	0.657491
1428.000000	0.521389
1430.000000	0.534053
1432.000000	0.56417
1434.000000	0.757946
1436.000000	0.798678
1438.000000	0.754533
1440.000000	0.603484
1442.000000	0.651011
1444.000000	0.758425
1446.000000	0.858817
1448.000000	0.920504
1450.000000	0.701392
1452.000000	0.654417
1454.000000	0.655365
1456.000000	0.641987
1458.000000	0.66476
1460.000000	0.663895
1462.000000	0.6798
1464.000000	0.649375
1466.000000	0.554831
1468.000000	0.573328
1470.000000	0.632975
1472.000000	0.708851
1474.000000	0.86126
1476.000000	0.862521
1478.000000	0.918068
1480.000000	0.910928
1482.000000	0.703366
1484.000000	0.568376
1486.000000	0.59841
1488.000000	0.677281
1490.000000	0.57808
1492.000000	0.572246
1494.000000	0.553075
1496.000000	0.639037
1498.000000	0.68596
1500.000000	0.741595
1502.000000	0.717294
1504.000000	0.714161
1506.000000	0.729351
1508.000000	0.765602
1510.000000	0.877089
1512.000000	0.882731
1514.000000	0.808113
1516.000000	0.768114
1518.000000	0.777236
1520.000000	0.677896
1522.000000	0.668236
1524.000000	0.679309
1526.000000	0.700166
1528.000000	0.610197
1530.000000	0.482923
1532.000000	0.355839
1534.000000	0.451055
1536.000000	0.579801
1538.000000	0.690914
1540.000000	0.615803
1542.000000	0.446941
1544.000000	0.519829
1546.000000	0.565177
1548.000000	0.603646
1550.000000	0.571082
1552.000000	0.584423
1554.000000	0.643624
1556.000000	0.566771
1558.000000	0.598979
1560.000000	0.507067
1562.000000	0.574971
1564.000000	0.58889
1566.000000	0.630178
1568.000000	0.605688
1570.000000	0.57756
1572.000000	0.545247
1574.000000	0.611612
1576.000000	0.620005
1578.000000	0.550384
1580.000000	0.593813
1582.000000	0.693831
1584.000000	0.797916
1586.000000	0.771406
1588.000000	0.706306
1590.000000	0.666652
1592.000000	0.646834
1594.000000	0.599217
1596.000000	0.566741
1598.000000	0.595496
1600.000000	0.568178
1602.000000	0.635223
1604.000000	0.535182
1606.000000	0.556265
1608.000000	0.618695
1610.000000	0.719569
1612.000000	0.727295
1614.000000	0.626011
1616.000000	0.596603
1618.000000	0.546299
1620.000000	0.588677
1622.000000	0.570172
1624.000000	0.549667
1626.000000	0.547273
1628.000000	0.579958
1630.000000	0.664574
1632.000000	0.615914
1634.000000	0.569806
1636.000000	0.501406
1638.000000	0.602012
1640.000000	0.611993
1642.000000	0.682535
1644.000000	0.662407
1646.000000	0.580773
1648.000000	0.5128
1650.000000	0.52095
1652.000000	0.530603
1654.000000	0.573609
1656.000000	0.507541
1658.000000	0.47157
1660.000000	0.398708
1662.000000	0.452843
1664.000000	0.503716
1666.000000	0.525313
1668.000000	0.527394
1670.000000	0.430509
1672.000000	0.465742
1674.000000	0.483872
1676.000000	0.505092
1678.000000	0.486316
1680.000000	0.526399
1682.000000	0.543132
1684.000000	0.546698
1686.000000	0.554228
1688.000000	0.536927
1690.000000	0.490075
1692.000000	0.555476
1694.000000	0.540243
1696.000000	0.505083
1698.000000	0.514056
1700.000000	0.527662
1702.000000	0.602429
1704.000000	0.477532
1706.000000	0.411365
1708.000000	0.38851
1710.000000	0.435842
1712.000000	0.483352
1714.000000	0.486847
1716.000000	0.503957
1718.000000	0.58653
1720.000000	0.593523
1722.000000	0.559694
1724.000000	0.563201
1726.000000	0.596077
1728.000000	0.522302
1730.000000	0.435016
1732.000000	0.422771
1734.000000	0.49476
1736.000000	0.623139
1738.000000	0.573357
1740.000000	0.435521
1742.000000	0.362272
1744.000000	0.422979
1746.000000	0.58246
1748.000000	0.652384
1750.000000	0.626566
1752.000000	0.513872
1754.000000	0.459794
1756.000000	0.389301
1758.000000	0.377645
1760.000000	0.459188
1762.000000	0.480544
1764.000000	0.481486
1766.000000	0.442791
1768.000000	0.448419
1770.000000	0.388232
1772.000000	0.367478
1774.000000	0.327383
1776.000000	0.428843
1778.000000	0.493253
1780.000000	0.473578
1782.000000	0.494839
1784.000000	0.550301
1786.000000	0.549598
1788.000000	0.453234
1790.000000	0.320279
1792.000000	0.278031
1794.000000	0.38607
1796.000000	0.488487
1798.000000	0.534179
1800.000000	0.492957
1802.000000	0.422808
1804.000000	0.438532
1806.000000	0.490058
1808.000000	0.494841
1810.000000	0.426709
1812.000000	0.382386
1814.000000	0.380522
1816.000000	0.389827
1818.000000	0.461281
1820.000000	0.476204
1822.000000	0.552622
1824.000000	0.564512
1826.000000	0.61065
1828.000000	0.520344
1830.000000	0.556412
1832.000000	0.593301
1834.000000	0.740229
1836.000000	0.750569
1838.000000	0.726205
1840.000000	0.537612
1842.000000	0.514233
1844.000000	0.454625
1846.000000	0.475464
1848.000000	0.468467
1850.000000	0.540451
1852.000000	0.506476
1854.000000	0.470182
1856.000000	0.432239
1858.000000	0.330414
1860.000000	0.319031
1862.000000	0.333412
1864.000000	0.463622
1866.000000	0.591854
1868.000000	0.554969
1870.000000	0.585899
1872.000000	0.546016
1874.000000	0.523583
1876.000000	0.554882
1878.000000	0.549596
1880.000000	0.6048
1882.000000	0.63896
1884.000000	0.65107
1886.000000	0.597548
1888.000000	0.479698
1890.000000	0.441994
1892.000000	0.402076
1894.000000	0.415566
1896.000000	0.410992
1898.000000	0.354699
1900.000000	0.261739
1902.000000	0.292242
1904.000000	0.338274
1906.000000	0.415809
1908.000000	0.423942
1910.000000	0.457268
1912.000000	0.433375
1914.000000	0.43365
1916.000000	0.559007
1918.000000	0.714255
1920.000000	0.702744
1922.000000	0.504142
1924.000000	0.313869
1926.000000	0.223936
1928.000000	0.314295
1930.000000	0.454962
1932.000000	0.496476
1934.000000	0.369473
1936.000000	0.3504
1938.000000	0.428078
1940.000000	0.445576
1942.000000	0.406046
1944.000000	0.372195
1946.000000	0.373764
1948.000000	0.394628
1950.000000	0.464509
1952.000000	0.401491
1954.000000	0.427636
1956.000000	0.432052
1958.000000	0.483848
1960.000000	0.430037
1962.000000	0.34257
1964.000000	0.281843
1966.000000	0.332541
1968.000000	0.306366
1970.000000	0.316249
1972.000000	0.274394
1974.000000	0.339633
1976.000000	0.37694
1978.000000	0.457156
1980.000000	0.430516
1982.000000	0.407894
1984.000000	0.386887
1986.000000	0.391185
1988.000000	0.390045
1990.000000	0.392331
1992.000000	0.355908
1994.000000	0.300787
1996.000000	0.242351
1998.000000	0.216283
2000.000000	0.22269
2002.000000	0.248976
2004.000000	0.280894
2006.000000	0.427871
2008.000000	0.453901
2010.000000	0.42929
2012.000000	0.37826
2014.000000	0.363598
2016.000000	0.349614
2018.000000	0.3323
2020.000000	0.437792
2022.000000	0.413333
2024.000000	0.409796
2026.000000	0.371656
2028.000000	0.358149
2030.000000	0.312544
2032.000000	0.255413
2034.000000	0.29033
2036.000000	0.279241
2038.000000	0.296416
2040.000000	0.29283
2042.000000	0.338704
2044.000000	0.385325
2046.000000	0.400229
2048.000000	0.418812
2050.000000	0.443783
2052.000000	0.373168
2054.000000	0.338307
2056.000000	0.343623
2058.000000	0.353484
2060.000000	0.328326
2062.000000	0.331695
2064.000000	0.349619
2066.000000	0.378054
2068.000000	0.30319
2070.000000	0.302974
2072.000000	0.373365
2074.000000	0.451848
2076.000000	0.509545
2078.000000	0.356312
2080.000000	0.290263
2082.000000	0.254377
2084.000000	0.22856
2086.000000	0.200976
2088.000000	0.236132
2090.000000	0.245977
2092.000000	0.23658
2094.000000	0.226008
2096.000000	0.250118
2098.000000	0.281954
2100.000000	0.323216
2102.000000	0.371928
2104.000000	0.341448
2106.000000	0.320429
2108.000000	0.353662
2110.000000	0.299265
2112.000000	0.292785
2114.000000	0.356444
2116.000000	0.459194
2118.000000	0.417739
2120.000000	0.342101
2122.000000	0.346036
2124.000000	0.372191
2126.000000	0.361582
2128.000000	0.327563
2130.000000	0.234362
2132.000000	0.221319
2134.000000	0.219768
2136.000000	0.284695
2138.000000	0.295075
2140.000000	0.256198
2142.000000	0.22012
2144.000000	0.237966
2146.000000	0.274537
2148.000000	0.329997
2150.000000	0.300681
2152.000000	0.232004
2154.000000	0.290605
2156.000000	0.33016
2158.000000	0.403203
2160.000000	0.380044
2162.000000	0.363094
2164.000000	0.304675
2166.000000	0.307118
2168.000000	0.252518
2170.000000	0.235994
2172.000000	0.253829
2174.000000	0.317117
2176.000000	0.354862
2178.000000	0.391968
2180.000000	0.451633
2182.000000	0.48947
2184.000000	0.436072
2186.000000	0.382617
2188.000000	0.321802
2190.000000	0.340932
2192.000000	0.281564
2194.000000	0.254093
2196.000000	0.194457
2198.000000	0.236786
2200.000000	0.237702
2202.000000	0.239499
2204.000000	0.16501
2206.000000	0.190325
2208.000000	0.22439
2210.000000	0.301991
2212.000000	0.340465
2214.000000	0.372394
2216.000000	0.327406
2218.000000	0.384501
2220.000000	0.261473
2222.000000	0.242056
2224.000000	0.202907
2226.000000	0.249819
2228.000000	0.283685
2230.000000	0.240832
2232.000000	0.262544
2234.000000	0.270945
2236.000000	0.263316
2238.000000	0.251935
2240.000000	0.23631
2242.000000	0.23801
2244.000000	0.24154
2246.000000	0.219519
2248.000000	0.214708
2250.000000	0.267778
2252.000000	0.316865
2254.000000	0.341597
2256.000000	0.331711
2258.000000	0.226092
2260.000000	0.232136
2262.000000	0.218976
2264.000000	0.277519
2266.000000	0.274576
2268.000000	0.213157
2270.000000	0.233491
2272.000000	0.241552
2274.000000	0.282202
2276.000000	0.290478
2278.000000	0.289152
2280.000000	0.263653
2282.000000	0.233017
2284.000000	0.249331
2286.000000	0.290691
2288.000000	0.315842
2290.000000	0.295446
2292.000000	0.279142
2294.000000	0.250658
2296.000000	0.241441
2298.000000	0.151478
2300.000000	0.183383
2302.000000	0.214262
2304.000000	0.31005
2306.000000	0.365746
2308.000000	0.352352
2310.000000	0.318851
2312.000000	0.23301
2314.000000	0.181088
2316.000000	0.191528
2318.000000	0.189593
2320.000000	0.188898
2322.000000	0.185093
2324.000000	0.297734
2326.000000	0.322462
2328.000000	0.37374
2330.000000	0.318168
2332.000000	0.29204
2334.000000	0.254713
2336.000000	0.290341
2338.000000	0.338743
2340.000000	0.376496
2342.000000	0.307432
2344.000000	0.280907
2346.000000	0.252301
2348.000000	0.244647
2350.000000	0.201943
2352.000000	0.143242
2354.000000	0.173014
2356.000000	0.242631
2358.000000	0.26338
2360.000000	0.301762
2362.000000	0.291447
2364.000000	0.265936
2366.000000	0.153838
2368.000000	0.213196
2370.000000	0.238045
2372.000000	0.245063
2374.000000	0.256974
2376.000000	0.300511
2378.000000	0.291134
2380.000000	0.189309
2382.000000	0.214412
2384.000000	0.261116
2386.000000	0.249294
2388.000000	0.265155
2390.000000	0.279858
2392.000000	0.247383
2394.000000	0.204006
2396.000000	0.143326
2398.000000	0.186563
2400.000000	0.282391
2402.000000	0.248333
2404.000000	0.253332
2406.000000	0.189817
2408.000000	0.217225
2410.000000	0.201456
2412.000000	0.218183
2414.000000	0.145734
2416.000000	0.173513
2418.000000	0.178942
2420.000000	0.255052
2422.000000	0.251775
2424.000000	0.318053
2426.000000	0.266355
2428.000000	0.227029
2430.000000	0.1418
2432.000000	0.168395
2434.000000	0.212418
2436.000000	0.264061
2438.000000	0.276013
2440.000000	0.215537
2442.000000	0.224033
2444.000000	0.275167
2446.000000	0.397594
2448.000000	0.39497
2450.000000	0.312456
2452.000000	0.236985
2454.000000	0.321021
2456.000000	0.334003
2458.000000	0.372642
2460.000000	0.308814
2462.000000	0.295191
2464.000000	0.274857
2466.000000	0.240267
2468.000000	0.228094
2470.000000	0.178165
2472.000000	0.147941
2474.000000	0.0968264
2476.000000	0.0701544
2478.000000	0.0548173
2480.000000	0.175077
2482.000000	0.322729
2484.000000	0.394543
2486.000000	0.396534
2488.000000	0.340357
2490.000000	0.274738
2492.000000	0.244905
2494.000000	0.180111
2496.000000	0.126057
2498.000000	0.134122
2500.000000	0.177216
2502.000000	0.209596
2504.000000	0.193087
2506.000000	0.21961
2508.000000	0.241535
2510.000000	0.301996
2512.000000	0.324175
2514.000000	0.323704
2516.000000	0.261967
2518.000000	0.187998
2520.000000	0.211135
2522.000000	0.217859
2524.000000	0.225412
2526.000000	0.189534
2528.000000	0.203031
2530.000000	0.232981
2532.000000	0.310257
2534.000000	0.298925
2536.000000	0.262077
2538.000000	0.259119
2540.000000	0.266198
2542.000000	0.227628
2544.000000	0.217226
2546.000000	0.177261
2548.000000	0.160476
2550.000000	0.227116
2552.000000	0.246504
2554.000000	0.257922
2556.000000	0.180574
2558.000000	0.179903
2560.000000	0.190227
2562.000000	0.185116
2564.000000	0.160452
2566.000000	0.15985
2568.000000	0.234363
2570.000000	0.305434
2572.000000	0.279323
2574.000000	0.288613
2576.000000	0.224858
2578.000000	0.214758
2580.000000	0.177764
2582.000000	0.188336
2584.000000	0.219777
2586.000000	0.255855
2588.000000	0.217987
2590.000000	0.177009
2592.000000	0.191377
2594.000000	0.24992
2596.000000	0.26667
2598.000000	0.218673
2600.000000	0.188955
2602.000000	0.243008
2604.000000	0.323727
2606.000000	0.273423
2608.000000	0.222841
2610.000000	0.182705
2612.000000	0.124949
2614.000000	0.0993349
2616.000000	0.150479
2618.000000	0.185112
2620.000000	0.183954
2622.000000	0.17385
2624.000000	0.177683
2626.000000	0.196238
2628.000000	0.141706
2630.000000	0.0912815
2632.000000	0.0915197
2634.000000	0.119275
2636.000000	0.124679
2638.000000	0.153485
2640.000000	0.176661
2642.000000	0.178635
2644.000000	0.1424
2646.000000	0.13801
2648.000000	0.156446
2650.000000	0.244444
2652.000000	0.20782
2654.000000	0.164856
2656.000000	0.14384
2658.000000	0.15502
2660.000000	0.203645
2662.000000	0.180233
2664.000000	0.197889
2666.000000	0.192695
2668.000000	0.249974
2670.000000	0.266552
2672.000000	0.263039
2674.000000	0.220594
2676.000000	0.17376
2678.000000	0.168577
2680.000000	0.161414
2682.000000	0.113886
2684.000000	0.131303
2686.000000	0.174731
2688.000000	0.289776
2690.000000	0.287193
2692.000000	0.266221
2694.000000	0.22712
2696.000000	0.205155
2698.000000	0.209302
2700.000000	0.210079
2702.000000	0.234078
2704.000000	0.197136
2706.000000	0.194456
2708.000000	0.184838
2710.000000	0.227039
2712.000000	0.236729
2714.000000	0.249957
2716.000000	0.23707
2718.000000	0.217131
2720.000000	0.187202
2722.000000	0.157252
2724.000000	0.192855
2726.000000	0.179474
2728.000000	0.188247
2730.000000	0.158356
2732.000000	0.16272
2734.000000	0.163382
2736.000000	0.164432
2738.000000	0.1706
2740.000000	0.190666
2742.000000	0.233236
2744.000000	0.215313
2746.000000	0.211061
2748.000000	0.128476
2750.000000	0.123772
2752.000000	0.185385
2754.000000	0.232424
2756.000000	0.252422
2758.000000	0.201966
2760.000000	0.225497
2762.000000	0.27863
2764.000000	0.27527
2766.000000	0.27942
2768.000000	0.238699
2770.000000	0.149191
2772.000000	0.119989
2774.000000	0.0972576
2776.000000	0.124387
2778.000000	0.181401
2780.000000	0.239631
2782.000000	0.266009
2784.000000	0.205163
2786.000000	0.133615
2788.000000	0.121762
2790.000000	0.137284
2792.000000	0.164806
2794.000000	0.146937
2796.000000	0.123552
2798.000000	0.161047
2800.000000	0.136465
2802.000000	0.176286
2804.000000	0.222475
2806.000000	0.28902
2808.000000	0.197687
2810.000000	0.136393
2812.000000	0.10398
2814.000000	0.133835
2816.000000	0.164002
2818.000000	0.132929
2820.000000	0.133715
2822.000000	0.163959
2824.000000	0.170937
2826.000000	0.205657
2828.000000	0.206612
2830.000000	0.18648
2832.000000	0.19623
2834.000000	0.204185
2836.000000	0.259109
2838.000000	0.268128
2840.000000	0.204189
2842.000000	0.162297
2844.000000	0.149141
2846.000000	0.165267
2848.000000	0.147904
2850.000000	0.114787
2852.000000	0.0569003
2854.000000	0.078689
2856.000000	0.115087
2858.000000	0.16305
2860.000000	0.154822
2862.000000	0.0995554
2864.000000	0.0934091
2866.000000	0.123134
2868.000000	0.147023
2870.000000	0.106961
2872.000000	0.0853603
2874.000000	0.0592395
2876.000000	0.0784299
2878.000000	0.0683536
2880.000000	0.0280937
2882.000000	0.00386649
2884.000000	0.0348228
2886.000000	0.0535624
2888.000000	0.0781555
2890.000000	0.0680251
2892.000000	0.0528948
2894.000000	0.0287821
2896.000000	0.0194592
2898.000000	0.046578
2900.000000	0.0379207
2902.000000	0.0377832
2904.000000	0.0447749
2906.000000	0.103269
2908.000000	0.117993
2910.000000	0.109169
2912.000000	0.081366
2914.000000	0.0571552
2916.000000	0.0370633
2918.000000	0.0133248
2920.000000	0.0104495
2922.000000	0.0312651
2924.000000	0.0815782
2926.000000	0.0873659
2928.000000	0.0792589
2930.000000	0.0543502
2932.000000	0.0202868
2934.000000	0.0109487
2936.000000	0.021063
2938.000000	0.039188
2940.000000	0.0295688
2942.000000	0.0334452
2944.000000	0.0157606
2946.000000	0.0350009
2948.000000	0.0351037
2950.000000	0.0542913
2952.000000	0.0386146
2954.000000	0.0183435
2956.000000	0
2958.000000	0
2960.000000	0
2962.000000	0
2964.000000	0.0246087
2966.000000	0.0323619
2968.000000	0.0340153
2970.000000	0.0171646
2972.000000	0
2974.000000	0
2976.000000	0
2978.000000	0
2980.000000	0
2982.000000	0.00761089
2984.000000	0.0265649
2986.000000	0.0336103
2988.000000	0.0284296
2990.000000	0.0123112
2992.000000	0.0113677
2994.000000	0.017536
2996.000000	0.0186129
2998.000000	0.0166068
3000.000000	0.0213537
3002.000000	0.0209732
3004.000000	0.0299114
3006.000000	0.055229
3008.000000	0.0551147
3010.000000	0.0346201
3012.000000	0.00165854
3014.000000	0
3016.000000	0
3018.000000	0.00831241
3020.000000	0.0256404
3022.000000	0.0519155
3024.000000	0.0507133
3026.000000	0.021268
3028.000000	0.000486276
3030.000000	0.00936859
3032.000000	0.0196112
3034.000000	0.0197052
3036.000000	0.0102213
3038.000000	0
3040.000000	0
3042.000000	0
3044.000000	0
3046.000000	0
3048.000000	0
3050.000000	0
3052.000000	0.00962787
3054.000000	0.0179925
3056.000000	0.0328511
3058.000000	0.0366532
3060.000000	0.0589334
3062.000000	0.0853711
3064.000000	0.0954528
3066.000000	0.0907426
3068.000000	0.077208
3070.000000	0.0698236
3072.000000	0.00149652
3074.000000	0.0147427
3076.000000	0.0252863
3078.000000	0.034263
3080.000000	0.0264755
3082.000000	0.0358199
3084.000000	0.0742462
3086.000000	0.0697415
3088.000000	0.0554561
3090.000000	0.00167348
3092.000000	0
3094.000000	0
3096.000000	0
3098.000000	0
3100.000000	0.0155681
3102.000000	0.0461701
3104.000000	0.0613262
3106.000000	0.0657951
3108.000000	0.0548269
3110.000000	0.0507894
3112.000000	0.0524103
3114.000000	0.0352332
3116.000000	0.0333431
3118.000000	0.0188005
3120.000000	0.0300094
3122.000000	0.028
3124.000000	0.0157392
3126.000000	0.00763172
3128.000000	0
3130.000000	0
3132.000000	0
3134.000000	0
3136.000000	0
3138.000000	0
3140.000000	0.000441354
3142.000000	0.0371563
3144.000000	0.0409364
3146.000000	0.0462815
3148.000000	0.0183477
3150.000000	0.0325899
3152.000000	0.0355152
3154.000000	0.0324165
3156.000000	0.044916
3158.000000	0.0860802
3160.000000	0.0784611
3162.000000	0.0671841
3164.000000	0.0155926
3166.000000	0.00341228
3168.000000	0.0270461
3170.000000	0.0334568
3172.000000	0.0526806
3174.000000	0.0321949
3176.000000	0.0191264
3178.000000	0.0195005
3180.000000	0.0256735
3182.000000	0.0343402
3184.000000	0.0183023
3186.000000	0.0203352
3188.000000	0.0328602
3190.000000	0.0381176
3192.000000	0.0325749
3194.000000	0.000144241
3196.000000	0.0111537
3198.000000	0.0233199
3200.000000	0.0567536
3202.000000	0.0597814
3204.000000	0.0482578
3206.000000	0.02029
3208.000000	0
3210.000000	0
3212.000000	0
3214.000000	0
3216.000000	0
3218.000000	0.0162363
3220.000000	0.0369912
3222.000000	0.0366479
3224.000000	0.0257299
3226.000000	0
3228.000000	0
3230.000000	0
3232.000000	0
3234.000000	0
3236.000000	0
3238.000000	0
3240.000000	0
3242.000000	0.000503247
3244.000000	0.021842
3246.000000	0.0387551
3248.000000	0.0475816
3250.000000	0.024807
3252.000000	0.0157606
3254.000000	0.0157605
3256.000000	0.0210279
3258.000000	0.0218511
3260.000000	0.0268677
3262.000000	0.0267722
3264.000000	0.0370776
3266.000000	0.0187481
3268.000000	0.0138645
3270.000000	0
3272.000000	0
3274.000000	0.0159263
3276.000000	0.0203062
3278.000000	0.0371285
3280.000000	0.0330946
3282.000000	0.0285109
3284.000000	0.0298836
3286.000000	0.0174467
3288.000000	0.0171014
3290.000000	0.00943926
3292.000000	0
3294.000000	0
3296.000000	0
3298.000000	0.0227268
3300.000000	0.051821
3302.000000	0.0777577
3304.000000	0.0500275
3306.000000	0.0257295
3308.000000	0
3310.000000	0.0138243
3312.000000	0.0169104
3314.000000	0.0243557
3316.000000	0.0291255
3318.000000	0.0213461
3320.000000	0.00652787
3322.000000	0.00689068
3324.000000	0.0190702
3326.000000	0.0179493
3328.000000	0.00649422
3330.000000	0
3332.000000	0.00481396
3334.000000	0.0217129
3336.000000	0.020944
3338.000000	0.00600648
3340.000000	0
3342.000000	0.014257
3344.000000	0.0258498
3346.000000	0.0416343
3348.000000	0.0588567
3350.000000	0.0544258
3352.000000	0.0540024
3354.000000	0.0373121
3356.000000	0.038001
3358.000000	0.0355449
3360.000000	0.0249713
3362.000000	0.0121162
3364.000000	0
3366.000000	0
3368.000000	0
3370.000000	0.0180189
3372.000000	0.0201762
3374.000000	0.0159662
3376.000000	0.0193736
3378.000000	0.0194232
3380.000000	0.00941786
3382.000000	0.0173166
3384.000000	0.0409858
3386.000000	0.0368978
3388.000000	0.0128759
3390.000000	0
3392.000000	0.0315937
3394.000000	0.0552519
3396.000000	0.0563499
3398.000000	0.0381615
3400.000000	0.0584717
3402.000000	0.0702336
3404.000000	0.0546512
3406.000000	0.0242325
3408.000000	0
3410.000000	0
3412.000000	0
3414.000000	0
3416.000000	0
3418.000000	0
3420.000000	0
3422.000000	0
3424.000000	0.0196238
3426.000000	0.0359441
3428.000000	0.050312
3430.000000	0.0330981
3432.000000	0.0157392
3434.000000	0.00763172
3436.000000	0
3438.000000	0
3440.000000	0
3442.000000	0
3444.000000	0.00660279
3446.000000	0.0159891
3448.000000	0.0155699
3450.000000	0.0153966
3452.000000	0.00088177
3454.000000	0
3456.000000	0
3458.000000	0
3460.000000	0
3462.000000	0
3464.000000	0
3466.000000	0
3468.000000	0
3470.000000	0
3472.000000	0.00916192
3474.000000	0.035121
3476.000000	0.0404957
3478.000000	0.0225591
3480.000000	0.00143261
3482.000000	0
3484.000000	0
3486.000000	0
3488.000000	0
3490.000000	0.00446571
3492.000000	0.0204087
3494.000000	0.0204204
3496.000000	0.013606
3498.000000	0.0133953
3500.000000	0.0181982
3502.000000	0.0405263
3504.000000	0.0302768
3506.000000	0.0408828
3508.000000	0.0254553
3510.000000	0.0251198
3512.000000	0.000633472
3514.000000	0
3516.000000	0
3518.000000	0
3520.000000	0
3522.000000	0
3524.000000	0
3526.000000	0
3528.000000	0
3530.000000	0
3532.000000	0.00938069
3534.000000	0.0237113
3536.000000	0.0344802
3538.000000	0.0518534
3540.000000	0.0688734
3542.000000	0.0694823
3544.000000	0.0606154
3546.000000	0.0229608
3548.000000	0.0247243
3550.000000	0.00176524
3552.000000	0
3554.000000	0
3556.000000	0
3558.000000	0
3560.000000	0
3562.000000	0
3564.000000	0
3566.000000	0
3568.000000	0
3570.000000	0
3572.000000	0
3574.000000	0
3576.000000	0
3578.000000	0
3580.000000	0
3582.000000	0
3584.000000	0
3586.000000	0.00598679
3588.000000	0.0284664
3590.000000	0.0308549
3592.000000	0.0340526
3594.000000	0.0493861
3596.000000	0.0444041
3598.000000	0.0451605
3600.000000	0.0186731
3602.000000	0
3604.000000	0
3606.000000	0.00947903
3608.000000	0.043538
3610.000000	0.0671428
3612.000000	0.0894244
3614.000000	0.054196
3616.000000	0.0412649
3618.000000	0
3620.000000	0
3622.000000	0
3624.000000	0
3626.000000	0
3628.000000	0
3630.000000	0
3632.000000	0
3634.000000	0
3636.000000	0
3638.000000	0
3640.000000	0
3642.000000	0
3644.000000	0
3646.000000	0
3648.000000	0
3650.000000	0
3652.000000	0
3654.000000	0
3656.000000	0
3658.000000	0
3660.000000	0
3662.000000	0
3664.000000	0
3666.000000	0
3668.000000	0
3670.000000	0
3672.000000	0
3674.000000	0
3676.000000	0
3678.000000	0
3680.000000	0
3682.000000	0
