418.000000	21.243
420.000000	21.2999
422.000000	20.5147
424.000000	20.5479
426.000000	20.6764
428.000000	20.5752
430.000000	19.8425
432.000000	20.0934
434.000000	19.8659
436.000000	19.4422
438.000000	19.0258
440.000000	18.9799
442.000000	18.0988
444.000000	17.4686
446.000000	17.0105
448.000000	16.7606
450.000000	17.3012
452.000000	17.5272
454.000000	17.2342
456.000000	16.4883
458.000000	16.3936
460.000000	16.5899
462.000000	16.7791
464.000000	16.6965
466.000000	16.1892
468.000000	15.6143
470.000000	15.2207
472.000000	15.0801
474.000000	15.5345
476.000000	15.5471
478.000000	15.3755
480.000000	14.7868
482.000000	14.612
484.000000	14.0859
486.000000	14.3424
488.000000	14.2718
490.000000	13.9753
492.000000	13.36
494.000000	13.9016
496.000000	14.5079
498.000000	14.4963
500.000000	13.7264
502.000000	13.3968
504.000000	13.403
506.000000	13.4018
508.000000	12.6525
510.000000	12.6559
512.000000	12.7624
514.000000	13.1787
516.000000	13.1012
518.000000	12.8497
520.000000	12.3229
522.000000	12.1952
524.000000	12.1897
526.000000	12.1269
528.000000	12.3225
530.000000	12.2235
532.000000	12.3109
534.000000	12.2433
536.000000	12.1783
538.000000	11.7638
540.000000	11.7414
542.000000	11.7415
544.000000	12.0052
546.000000	12.0296
548.000000	12.1247
550.000000	12.2383
552.000000	11.8559
554.000000	11.7709
556.000000	11.8112
558.000000	11.8454
560.000000	11.6531
562.000000	11.4857
564.000000	11.5927
566.000000	11.6992
568.000000	11.6409
570.000000	11.2517
572.000000	11.0031
574.000000	11.0531
576.000000	10.8538
578.000000	10.6917
580.000000	10.4632
582.000000	10.8477
584.000000	11.0531
586.000000	11.3583
588.000000	11.0655
590.000000	11.0278
592.000000	11.0136
594.000000	11.0024
596.000000	10.6462
598.000000	10.3994
600.000000	10.2599
602.000000	10.4531
604.000000	10.374
606.000000	10.4447
608.000000	10.4518
610.000000	10.5119
612.000000	10.4706
614.000000	10.5958
616.000000	10.5735
618.000000	10.4676
620.000000	10.1699
622.000000	10.1642
624.000000	10.1988
626.000000	10.5231
628.000000	10.4653
630.000000	10.3083
632.000000	10.0992
634.000000	9.98847
636.000000	10.0167
638.000000	10.0693
640.000000	10.1648
642.000000	9.9201
644.000000	9.8391
646.000000	9.74141
648.000000	9.68845
650.000000	9.59325
652.000000	9.45771
654.000000	9.59813
656.000000	9.8013
658.000000	9.45071
660.000000	9.274
662.000000	9.46328
664.000000	9.80571
666.000000	9.75534
668.000000	9.58796
670.000000	9.33374
672.000000	9.34866
674.000000	9.37645
676.000000	9.39306
678.000000	9.27083
680.000000	9.24655
682.000000	9.42821
684.000000	9.56796
686.000000	9.34307
688.000000	9.14947
690.000000	9.04279
692.000000	8.92729
694.000000	9.00048
696.000000	9.2527
698.000000	9.37895
700.000000	9.38421
702.000000	9.0808
704.000000	8.91133
706.000000	8.85953
708.000000	8.98585
710.000000	9.13099
712.000000	9.19052
714.000000	9.37569
716.000000	9.3325
718.000000	9.26855
720.000000	9.08132
722.000000	8.85695
724.000000	8.80678
726.000000	8.74503
728.000000	8.67277
730.000000	8.50396
732.000000	8.54174
734.000000	8.7583
736.000000	9.00927
738.000000	9.14344
740.000000	9.12539
742.000000	8.9065
744.000000	8.92667
746.000000	8.71589
748.000000	8.84704
750.000000	8.83733
752.000000	8.84184
754.000000	8.84046
756.000000	8.77794
758.000000	8.98973
760.000000	8.99812
762.000000	8.96592
764.000000	8.8936
766.000000	8.97644
768.000000	8.86456
770.000000	8.8399
772.000000	8.91843
774.000000	8.82804
776.000000	8.85417
778.000000	8.6024
780.000000	8.63817
782.000000	8.55818
784.000000	9.14029
786.000000	9.21632
788.000000	9.29457
790.000000	9.07429
792.000000	9.05007
794.000000	9.20524
796.000000	9.048
798.000000	8.87056
800.000000	8.68415
802.000000	8.56864
804.000000	8.69595
806.000000	8.80485
808.000000	8.88138
810.000000	8.89431
812.000000	8.70416
814.000000	8.67633
816.000000	8.64661
818.000000	8.75879
820.000000	8.62751
822.000000	8.62239
824.000000	8.53906
826.000000	8.58812
828.000000	8.49461
830.000000	8.3833
832.000000	8.44603
834.000000	8.51692
836.000000	8.61679
838.000000	8.6804
840.000000	8.70633
842.000000	8.72735
844.000000	8.60557
846.000000	8.66658
848.000000	8.74498
850.000000	8.66604
852.000000	8.4095
854.000000	8.38198
856.000000	8.34997
858.000000	8.53286
860.000000	8.45178
862.000000	8.28351
864.000000	8.22811
866.000000	8.37083
868.000000	8.47959
870.000000	8.63645
872.000000	8.74793
874.000000	8.8057
876.000000	8.68185
878.000000	8.5322
880.000000	8.41151
882.000000	8.43247
884.000000	8.3439
886.000000	8.25085
888.000000	8.1524
890.000000	8.41515
892.000000	8.70354
894.000000	9.01237
896.000000	8.71528
898.000000	8.57588
900.000000	8.33907
902.000000	8.46061
904.000000	8.50192
906.000000	8.50573
908.000000	8.62759
910.000000	8.61573
912.000000	8.57493
914.000000	8.6117
916.000000	8.711
918.000000	8.9732
920.000000	9.03438
922.000000	9.10391
924.000000	8.99702
926.000000	8.75325
928.000000	8.28379
930.000000	8.29645
932.000000	8.40262
934.000000	8.73803
936.000000	8.63751
938.000000	8.30542
940.000000	8.25424
942.000000	8.17213
944.000000	8.43035
946.000000	8.40297
948.000000	8.44355
950.000000	8.4974
952.000000	8.49004
954.000000	8.30821
956.000000	8.02892
958.000000	7.83258
960.000000	8.11104
962.000000	8.14235
964.000000	8.2472
966.000000	8.13436
968.000000	8.327
970.000000	8.47374
972.000000	8.74722
974.000000	8.60024
976.000000	8.33961
978.000000	8.45093
980.000000	8.55521
982.000000	8.48441
984.000000	8.297
986.000000	8.40079
988.000000	8.4236
990.000000	8.51317
992.000000	8.54431
994.000000	8.50584
996.000000	8.48924
998.000000	8.41258
1000.000000	8.60639
1002.000000	8.56547
1004.000000	8.67652
1006.000000	8.55776
1008.000000	8.6115
1010.000000	8.49704
1012.000000	8.50529
1014.000000	8.61988
1016.000000	8.58461
1018.000000	8.5121
1020.000000	8.49974
1022.000000	8.48453
1024.000000	8.46381
1026.000000	8.38425
1028.000000	8.48743
1030.000000	8.53427
1032.000000	8.7836
1034.000000	8.8068
1036.000000	8.79562
1038.000000	8.6337
1040.000000	8.53496
1042.000000	8.88737
1044.000000	9.04132
1046.000000	9.1526
1048.000000	9.19112
1050.000000	9.31143
1052.000000	9.43588
1054.000000	9.40704
1056.000000	9.39251
1058.000000	9.34367
1060.000000	9.3349
1062.000000	9.44162
1064.000000	9.64565
1066.000000	10.1934
1068.000000	10.4629
1070.000000	10.689
1072.000000	10.6087
1074.000000	10.6537
1076.000000	10.6799
1078.000000	10.9486
1080.000000	11.3037
1082.000000	11.5572
1084.000000	11.6192
1086.000000	12.0192
1088.000000	12.3502
1090.000000	12.5797
1092.000000	12.6607
1094.000000	12.8192
1096.000000	13.0312
1098.000000	13.0145
1100.000000	13.1867
1102.000000	13.09
1104.000000	12.899
1106.000000	12.8401
1108.000000	12.9086
1110.000000	12.8344
1112.000000	12.7937
1114.000000	12.8151
1116.000000	12.8361
1118.000000	12.6826
1120.000000	12.4109
1122.000000	12.085
1124.000000	11.3475
1126.000000	10.7413
1128.000000	10.4703
1130.000000	10.4808
1132.000000	10.4738
1134.000000	10.3502
1136.000000	9.94139
1138.000000	9.49374
1140.000000	9.15173
1142.000000	8.90922
1144.000000	8.83061
1146.000000	8.47142
1148.000000	8.3303
1150.000000	8.02812
1152.000000	7.95997
1154.000000	7.79871
1156.000000	7.75105
1158.000000	7.6966
1160.000000	7.39964
1162.000000	7.38061
1164.000000	7.3114
1166.000000	7.33212
1168.000000	7.16425
1170.000000	7.10555
1172.000000	7.13251
1174.000000	7.11735
1176.000000	6.96365
1178.000000	6.85333
1180.000000	6.8408
1182.000000	6.92341
1184.000000	6.99979
1186.000000	6.8153
1188.000000	6.50637
1190.000000	6.36515
1192.000000	6.51473
1194.000000	6.49863
1196.000000	6.45038
1198.000000	6.26034
1200.000000	6.39945
1202.000000	6.55298
1204.000000	6.6807
1206.000000	6.61736
1208.000000	6.43201
1210.000000	6.45809
1212.000000	6.48068
1214.000000	6.25726
1216.000000	6.09726
1218.000000	6.02431
1220.000000	6.17188
1222.000000	6.24846
1224.000000	6.27333
1226.000000	6.2983
1228.000000	6.14973
1230.000000	6.17462
1232.000000	6.19618
1234.000000	6.32455
1236.000000	6.1541
1238.000000	6.04171
1240.000000	6.00935
1242.000000	6.16867
1244.000000	6.15757
1246.000000	6.00375
1248.000000	6.02793
1250.000000	6.09601
1252.000000	6.15923
1254.000000	6.12836
1256.000000	6.08465
1258.000000	5.98889
1260.000000	6.04979
1262.000000	6.06746
1264.000000	6.15571
1266.000000	6.09298
1268.000000	5.97753
1270.000000	5.7972
1272.000000	5.71196
1274.000000	5.78983
1276.000000	5.81903
1278.000000	5.87048
1280.000000	5.61092
1282.000000	5.53177
1284.000000	5.48095
1286.000000	5.65986
1288.000000	5.82626
1290.000000	5.80943
1292.000000	5.83875
1294.000000	5.78073
1296.000000	5.79853
1298.000000	5.74464
1300.000000	5.56611
1302.000000	5.39795
1304.000000	5.2949
1306.000000	5.44819
1308.000000	5.71066
1310.000000	5.80562
1312.000000	5.74289
1314.000000	5.49172
1316.000000	5.36428
1318.000000	5.31426
1320.000000	5.33285
1322.000000	5.40396
1324.000000	5.56723
1326.000000	5.5853
1328.000000	5.56963
1330.000000	5.37084
1332.000000	5.38257
1334.000000	5.43814
1336.000000	5.31822
1338.000000	5.38406
1340.000000	5.5689
1342.000000	5.58535
1344.000000	5.31416
1346.000000	5.14369
1348.000000	5.18977
1350.000000	5.20182
1352.000000	5.21381
1354.000000	5.14475
1356.000000	5.17963
1358.000000	5.10024
1360.000000	5.08636
1362.000000	4.95095
1364.000000	5.09054
1366.000000	5.14687
1368.000000	5.02578
1370.000000	4.93331
1372.000000	4.95652
1374.000000	4.97777
1376.000000	5.03622
1378.000000	5.11887
1380.000000	5.36695
1382.000000	5.31874
1384.000000	5.21125
1386.000000	5.00828
1388.000000	4.95483
1390.000000	4.91014
1392.000000	4.87257
1394.000000	4.92691
1396.000000	4.99991
1398.000000	5.12156
1400.000000	4.92395
1402.000000	4.97775
1404.000000	5.00508
1406.000000	4.90878
1408.000000	4.83786
1410.000000	4.73802
1412.000000	4.74657
1414.000000	4.59134
1416.000000	4.51416
1418.000000	4.55304
1420.000000	4.66897
1422.000000	4.706
1424.000000	4.77345
1426.000000	4.72585
1428.000000	4.78758
1430.000000	4.67926
1432.000000	4.68486
1434.000000	4.52803
1436.000000	4.65461
1438.000000	4.62517
1440.000000	4.67206
1442.000000	4.58506
1444.000000	4.66273
1446.000000	4.6805
1448.000000	4.65862
1450.000000	4.5226
1452.000000	4.46437
1454.000000	4.56176
1456.000000	4.57184
1458.000000	4.58019
1460.000000	4.53521
1462.000000	4.47125
1464.000000	4.43773
1466.000000	4.34485
1468.000000	4.42907
1470.000000	4.61877
1472.000000	4.60487
1474.000000	4.53551
1476.000000	4.35169
1478.000000	4.36531
1480.000000	4.27923
1482.000000	4.35699
1484.000000	4.32748
1486.000000	4.39
1488.000000	4.38772
1490.000000	4.42138
1492.000000	4.24313
1494.000000	4.21764
1496.000000	4.1876
1498.000000	4.11781
1500.000000	4.09844
1502.000000	4.16447
1504.000000	4.22667
1506.000000	4.16308
1508.000000	4.11934
1510.000000	4.07613
1512.000000	4.07713
1514.000000	4.04041
1516.000000	4.02617
1518.000000	3.95475
1520.000000	3.96456
1522.000000	3.94826
1524.000000	4.0141
1526.000000	4.2269
1528.000000	4.16217
1530.000000	4.12411
1532.000000	4.04993
1534.000000	4.12893
1536.000000	4.27377
1538.000000	4.23927
1540.000000	4.28983
1542.000000	4.27403
1544.000000	4.30022
1546.000000	4.21645
1548.000000	4.10587
1550.000000	3.95158
1552.000000	3.94626
1554.000000	3.90127
1556.000000	3.93876
1558.000000	3.96159
1560.000000	3.99635
1562.000000	4.05695
1564.000000	4.22796
1566.000000	4.21851
1568.000000	4.02418
1570.000000	3.84744
1572.000000	3.85303
1574.000000	3.85191
1576.000000	3.85022
1578.000000	3.9749
1580.000000	4.06209
1582.000000	4.12715
1584.000000	4.15842
1586.000000	4.24615
1588.000000	4.08995
1590.000000	4.03762
1592.000000	4.01287
1594.000000	4.17834
1596.000000	4.2301
1598.000000	4.31295
1600.000000	4.2447
1602.000000	4.18087
1604.000000	4.09052
1606.000000	4.02233
1608.000000	4.05252
1610.000000	4.12179
1612.000000	4.31072
1614.000000	4.44207
1616.000000	4.50924
1618.000000	4.40662
1620.000000	4.73644
1622.000000	4.70553
1624.000000	4.61407
1626.000000	4.359
1628.000000	4.28392
1630.000000	4.22726
1632.000000	4.50634
1634.000000	4.66967
1636.000000	4.7391
1638.000000	4.94243
1640.000000	5.04245
1642.000000	5.05592
1644.000000	4.90333
1646.000000	4.85631
1648.000000	4.91026
1650.000000	5.00738
1652.000000	4.98246
1654.000000	4.92932
1656.000000	4.91818
1658.000000	5.07559
1660.000000	5.1902
1662.000000	5.20055
1664.000000	5.22908
1666.000000	5.27596
1668.000000	5.41913
1670.000000	5.27815
1672.000000	5.27214
1674.000000	5.18551
1676.000000	5.18579
1678.000000	4.96497
1680.000000	4.83046
1682.000000	4.9914
1684.000000	5.02522
1686.000000	5.02865
1688.000000	4.58719
1690.000000	4.44195
1692.000000	4.34978
1694.000000	4.33776
1696.000000	4.13059
1698.000000	3.82149
1700.000000	3.61234
1702.000000	3.48159
1704.000000	3.31514
1706.000000	3.30468
1708.000000	3.29521
1710.000000	3.25327
1712.000000	3.18862
1714.000000	2.90362
1716.000000	2.73367
1718.000000	2.57457
1720.000000	2.4431
1722.000000	2.3832
1724.000000	2.46692
1726.000000	2.3615
1728.000000	2.24771
1730.000000	2.07467
1732.000000	1.95066
1734.000000	1.86624
1736.000000	1.75325
1738.000000	1.63983
1740.000000	1.41747
1742.000000	1.3282
1744.000000	1.28764
1746.000000	1.28846
1748.000000	1.28846
1750.000000	1.2419
1752.000000	1.11666
1754.000000	1.11161
1756.000000	1.0734
1758.000000	0.996751
1760.000000	0.953393
1762.000000	0.912013
1764.000000	0.927477
1766.000000	0.973239
1768.000000	1.01804
1770.000000	0.944308
1772.000000	0.878041
1774.000000	0.783757
1776.000000	0.718395
1778.000000	0.68922
1780.000000	0.657189
1782.000000	0.649173
1784.000000	0.658968
1786.000000	0.6457
1788.000000	0.658959
1790.000000	0.616279
1792.000000	0.600221
1794.000000	0.550998
1796.000000	0.561417
1798.000000	0.558902
1800.000000	0.602685
1802.000000	0.596755
1804.000000	0.577497
1806.000000	0.51054
1808.000000	0.529536
1810.000000	0.541654
1812.000000	0.550144
1814.000000	0.470996
1816.000000	0.470717
1818.000000	0.502291
1820.000000	0.571541
1822.000000	0.53958
1824.000000	0.489942
1826.000000	0.480679
1828.000000	0.48889
1830.000000	0.4411
1832.000000	0.425775
1834.000000	0.4368
1836.000000	0.48191
1838.000000	0.481631
1840.000000	0.443418
1842.000000	0.43882
1844.000000	0.457043
1846.000000	0.467116
1848.000000	0.42774
1850.000000	0.388404
1852.000000	0.324644
1854.000000	0.341851
1856.000000	0.368537
1858.000000	0.439434
1860.000000	0.439938
1862.000000	0.426637
1864.000000	0.392025
1866.000000	0.349243
1868.000000	0.3707
1870.000000	0.38748
1872.000000	0.409518
1874.000000	0.398462
1876.000000	0.38867
1878.000000	0.367832
1880.000000	0.362264
1882.000000	0.372457
1884.000000	0.36647
1886.000000	0.382884
1888.000000	0.424051
1890.000000	0.402721
1892.000000	0.324052
1894.000000	0.284511
1896.000000	0.271367
1898.000000	0.302777
1900.000000	0.341504
1902.000000	0.388115
1904.000000	0.361196
1906.000000	0.336076
1908.000000	0.299132
1910.000000	0.284949
1912.000000	0.296299
1914.000000	0.311111
1916.000000	0.3041
1918.000000	0.307374
1920.000000	0.306459
1922.000000	0.27099
1924.000000	0.253396
1926.000000	0.286078
1928.000000	0.280046
1930.000000	0.276455
1932.000000	0.282108
1934.000000	0.305967
1936.000000	0.312984
1938.000000	0.331194
1940.000000	0.328794
1942.000000	0.323392
1944.000000	0.327542
1946.000000	0.340412
1948.000000	0.335648
1950.000000	0.301063
1952.000000	0.313555
1954.000000	0.287968
1956.000000	0.297802
1958.000000	0.297727
1960.000000	0.321238
1962.000000	0.29271
1964.000000	0.274827
1966.000000	0.260529
1968.000000	0.293557
1970.000000	0.284387
1972.000000	0.271391
1974.000000	0.245686
1976.000000	0.251839
1978.000000	0.260717
1980.000000	0.23707
1982.000000	0.236884
1984.000000	0.239355
1986.000000	0.240803
1988.000000	0.238126
1990.000000	0.235549
1992.000000	0.273825
1994.000000	0.28646
1996.000000	0.274103
1998.000000	0.245921
2000.000000	0.247137
2002.000000	0.250181
2004.000000	0.270263
2006.000000	0.253926
2008.000000	0.227031
2010.000000	0.23708
2012.000000	0.257037
2014.000000	0.265801
2016.000000	0.266086
2018.000000	0.295685
2020.000000	0.281377
2022.000000	0.237766
2024.000000	0.208197
2026.000000	0.226908
2028.000000	0.245977
2030.000000	0.250253
2032.000000	0.251285
2034.000000	0.319136
2036.000000	0.343738
2038.000000	0.358365
2040.000000	0.316337
2042.000000	0.323778
2044.000000	0.289057
2046.000000	0.282535
2048.000000	0.259617
2050.000000	0.246158
2052.000000	0.200431
2054.000000	0.214187
2056.000000	0.207373
2058.000000	0.194712
2060.000000	0.194064
2062.000000	0.211889
2064.000000	0.229033
2066.000000	0.237288
2068.000000	0.21017
2070.000000	0.236352
2072.000000	0.245474
2074.000000	0.264883
2076.000000	0.256454
2078.000000	0.204572
2080.000000	0.19353
2082.000000	0.192374
2084.000000	0.250034
2086.000000	0.270058
2088.000000	0.279278
2090.000000	0.255045
2092.000000	0.252986
2094.000000	0.285087
2096.000000	0.285329
2098.000000	0.249828
2100.000000	0.216105
2102.000000	0.218284
2104.000000	0.261009
2106.000000	0.258399
2108.000000	0.277145
2110.000000	0.266787
2112.000000	0.263538
2114.000000	0.264703
2116.000000	0.256762
2118.000000	0.256084
2120.000000	0.252887
2122.000000	0.255234
2124.000000	0.243842
2126.000000	0.234292
2128.000000	0.234087
2130.000000	0.225256
2132.000000	0.25157
2134.000000	0.25963
2136.000000	0.229276
2138.000000	0.17674
2140.000000	0.158849
2142.000000	0.181948
2144.000000	0.212403
2146.000000	0.240349
2148.000000	0.272352
2150.000000	0.300652
2152.000000	0.272664
2154.000000	0.303951
2156.000000	0.31214
2158.000000	0.324237
2160.000000	0.224747
2162.000000	0.194664
2164.000000	0.169952
2166.000000	0.219752
2168.000000	0.248465
2170.000000	0.269076
2172.000000	0.241389
2174.000000	0.23052
2176.000000	0.252873
2178.000000	0.263004
2180.000000	0.279653
2182.000000	0.307491
2184.000000	0.303551
2186.000000	0.251491
2188.000000	0.244183
2190.000000	0.272464
2192.000000	0.327995
2194.000000	0.357703
2196.000000	0.320506
2198.000000	0.291699
2200.000000	0.259105
2202.000000	0.240641
2204.000000	0.297339
2206.000000	0.295153
2208.000000	0.293791
2210.000000	0.253412
2212.000000	0.252085
2214.000000	0.228504
2216.000000	0.226686
2218.000000	0.226099
2220.000000	0.260447
2222.000000	0.274959
2224.000000	0.265196
2226.000000	0.228322
2228.000000	0.231644
2230.000000	0.212882
2232.000000	0.199873
2234.000000	0.206722
2236.000000	0.207347
2238.000000	0.218271
2240.000000	0.203585
2242.000000	0.203324
2244.000000	0.168789
2246.000000	0.154291
2248.000000	0.140166
2250.000000	0.131213
2252.000000	0.118414
2254.000000	0.139486
2256.000000	0.150409
2258.000000	0.14649
2260.000000	0.140423
2262.000000	0.142099
2264.000000	0.164376
2266.000000	0.170014
2268.000000	0.180072
2270.000000	0.16547
2272.000000	0.145956
2274.000000	0.116899
2276.000000	0.117109
2278.000000	0.0983668
2280.000000	0.0999984
2282.000000	0.0977346
2284.000000	0.0780187
2286.000000	0.0720911
2288.000000	0.0793177
2290.000000	0.0965007
2292.000000	0.104481
2294.000000	0.0764189
2296.000000	0.0544451
2298.000000	0.056768
2300.000000	0.065
2302.000000	0.0736748
2304.000000	0.0773532
2306.000000	0.0765045
2308.000000	0.0650953
2310.000000	0.0393549
2312.000000	0.0238344
2314.000000	0.0263
2316.000000	0.0430073
2318.000000	0.0535265
2320.000000	0.0433607
2322.000000	0.0294426
2324.000000	0.0308832
2326.000000	0.0311044
2328.000000	0.0272119
2330.000000	0.0115967
2332.000000	0.00613282
2334.000000	0.00632422
2336.000000	0.0104451
2338.000000	0.0140814
2340.000000	0.0140173
2342.000000	0.0233369
2344.000000	0.0313287
2346.000000	0.0382934
2348.000000	0.0401585
2350.000000	0.0376872
2352.000000	0.0272778
2354.000000	0.0228121
2356.000000	0.019556
2358.000000	0.022181
2360.000000	0.016287
2362.000000	0.00680935
2364.000000	0.00567419
2366.000000	0.00574194
2368.000000	0.00745715
2370.000000	0.00938702
2372.000000	0.0148886
2374.000000	0.0103196
2376.000000	0.0143265
2378.000000	0.0239782
2380.000000	0.0384259
2382.000000	0.0323163
2384.000000	0.0242424
2386.000000	0.0110185
2388.000000	0.0102061
2390.000000	0.0089334
2392.000000	0.00735321
2394.000000	0.00729745
2396.000000	0.00777509
2398.000000	0.0080707
2400.000000	0.0115825
2402.000000	0.0151619
2404.000000	0.0141198
2406.000000	0.0075402
2408.000000	0.0040766
2410.000000	0.00411924
2412.000000	0.00787266
2414.000000	0.00635285
2416.000000	0.0083257
2418.000000	0.00840675
2420.000000	0.00846651
2422.000000	0.00636177
2424.000000	0.00433989
2426.000000	0.00435915
2428.000000	0.00437976
2430.000000	0.000848525
2432.000000	0.0147675
2434.000000	0.0257816
2436.000000	0.0292944
2438.000000	0.0226598
2440.000000	0.015717
2442.000000	0.0128297
2444.000000	0.00472199
2446.000000	0.0100133
2448.000000	0.0130935
2450.000000	0.00993001
2452.000000	0.00267659
2454.000000	0.00709047
2456.000000	0.017818
2458.000000	0.0275605
2460.000000	0.030686
2462.000000	0.0180609
2464.000000	0.0103005
2466.000000	0.00409123
2468.000000	0.00412176
2470.000000	0.00612131
2472.000000	0.00918772
2474.000000	0.0142047
2476.000000	0.0108706
2478.000000	0.00425497
2480.000000	0.00267485
2482.000000	0.00397025
2484.000000	0.0040044
2486.000000	0.00712148
2488.000000	0.0107111
2490.000000	0.0120574
2492.000000	0.0116743
2494.000000	0.0146442
2496.000000	0.0200495
2498.000000	0.0121418
2500.000000	0.00292632
2502.000000	0
2504.000000	0.00116346
2506.000000	0.00436579
2508.000000	0.00727635
2510.000000	0.00878472
2512.000000	0.0086979
2514.000000	0.0101631
2516.000000	0.00844237
2518.000000	0.00488323
2520.000000	0.00243762
2522.000000	0.00213685
2524.000000	0.0062317
2526.000000	0.012143
2528.000000	0.00797798
2530.000000	0.00698411
2532.000000	0.00921292
2534.000000	0.00855722
2536.000000	0.00561763
2538.000000	0.00778591
2540.000000	0.0124298
2542.000000	0.0256452
2544.000000	0.0157935
2546.000000	0.0139649
2548.000000	0.0031381
2550.000000	0.0102879
2552.000000	0.0117105
2554.000000	0.00843409
2556.000000	0.00449328
2558.000000	0.00408099
2560.000000	0.00412239
2562.000000	0.00548804
2564.000000	0.00552147
2566.000000	0.00639182
2568.000000	0.006104
2570.000000	0.00744426
2572.000000	0.00660192
2574.000000	0.00766433
2576.000000	0.0126575
2578.000000	0.018809
2580.000000	0.0166259
2582.000000	0.0136081
2584.000000	0.0208709
2586.000000	0.02842
2588.000000	0.0222184
2590.000000	0.0113565
2592.000000	0.00351103
2594.000000	0
2596.000000	0
2598.000000	0
2600.000000	0
2602.000000	0
2604.000000	0
2606.000000	0
2608.000000	0
2610.000000	0
2612.000000	0.00267485
2614.000000	0.00397025
2616.000000	0.0040044
2618.000000	0.00309805
2620.000000	0
2622.000000	0.00396044
2624.000000	0.00821601
2626.000000	0.00886195
2628.000000	0.00567916
2630.000000	0
2632.000000	0.00239926
2634.000000	0.00405107
2636.000000	0.00796557
2638.000000	0.0137077
2640.000000	0.0105205
2642.000000	0.00490212
2644.000000	0
2646.000000	0
2648.000000	0.000497481
2650.000000	0.018862
2652.000000	0.0225317
2654.000000	0.0219214
2656.000000	0.0113075
2658.000000	0.00729745
2660.000000	0.0040044
2662.000000	0.00309805
2664.000000	0.00419234
2666.000000	0.00442995
2668.000000	0.00452389
2670.000000	0.00400241
2672.000000	0.0040766
2674.000000	0.00411924
2676.000000	0.00167839
2678.000000	0
2680.000000	0
2682.000000	0
2684.000000	0
2686.000000	0
2688.000000	0
2690.000000	0.00189168
2692.000000	0.00436167
2694.000000	0.00451824
2696.000000	0.00454219
2698.000000	0.00446488
2700.000000	0.0043496
2702.000000	0.00426008
2704.000000	0.00604657
2706.000000	0.00956722
2708.000000	0.00868369
2710.000000	0.00407327
2712.000000	0
2714.000000	0
2716.000000	0
2718.000000	0
2720.000000	0.00619427
2722.000000	0.00635285
2724.000000	0.00351103
2726.000000	0
2728.000000	0.00288867
2730.000000	0.0151248
2732.000000	0.0165684
2734.000000	0.0111459
2736.000000	0
2738.000000	0
2740.000000	0.00411923
2742.000000	0.00614803
2744.000000	0.00600852
2746.000000	0
2748.000000	0.00563669
2750.000000	0.00956722
2752.000000	0.00868369
2754.000000	0.00943624
2756.000000	0.00586742
2758.000000	0.00637158
2760.000000	0.0107328
2762.000000	0.0107945
2764.000000	0.00464144
2766.000000	0.000629384
2768.000000	0
2770.000000	0.004117
2772.000000	0.00557766
2774.000000	0.00557696
2776.000000	0.00038736
2778.000000	0.00189168
2780.000000	0.00481149
2782.000000	0.00853763
2784.000000	0.0118518
2786.000000	0.0101611
2788.000000	0.0112239
2790.000000	0.00467465
2792.000000	0.00470499
2794.000000	0.00227913
2796.000000	0.00385739
2798.000000	0.00896561
2800.000000	0.00959593
2802.000000	0.00353779
2804.000000	0
2806.000000	0.0102558
2808.000000	0.0114322
2810.000000	0.00989797
2812.000000	0
2814.000000	0
2816.000000	0.00476357
2818.000000	0.00993282
2820.000000	0.0149533
2822.000000	0.0124483
2824.000000	0.00927417
2826.000000	0.00451824
2828.000000	0.00371433
2830.000000	0
2832.000000	0
2834.000000	0
2836.000000	0
2838.000000	0
2840.000000	0
2842.000000	0
2844.000000	0
2846.000000	0
2848.000000	0
2850.000000	0
2852.000000	0.00763939
2854.000000	0.0188772
2856.000000	0.0212968
2858.000000	0.0193488
2860.000000	0.0149236
2862.000000	0.0159011
2864.000000	0.00545912
2866.000000	0.00594321
2868.000000	0.0040626
2870.000000	0.00403471
2872.000000	0.00579461
2874.000000	0.00867639
2876.000000	0.00866391
2878.000000	0.0073124
2880.000000	0.000220421
2882.000000	0
2884.000000	0
2886.000000	0
2888.000000	0
2890.000000	0.000258846
2892.000000	0.00864909
2894.000000	0.0087892
2896.000000	0.00896317
2898.000000	0.00125877
2900.000000	0.00116346
2902.000000	0.00436579
2904.000000	0.00438768
2906.000000	0.00417442
2908.000000	0
2910.000000	0.00205027
2912.000000	0.00507746
2914.000000	0.0129656
2916.000000	0.0116092
2918.000000	0.00871247
2920.000000	0.00206006
2922.000000	0
2924.000000	0.00384742
2926.000000	0.00419465
2928.000000	0.00387291
2930.000000	0.0014516
2932.000000	0
2934.000000	0
2936.000000	0.00146461
2938.000000	0.00636208
2940.000000	0.00638971
2942.000000	0.0025804
2944.000000	0.00559953
2946.000000	0.00560271
2948.000000	0.00371215
2950.000000	0
2952.000000	0
2954.000000	0
2956.000000	0
2958.000000	0
2960.000000	0.00570309
2962.000000	0.010146
2964.000000	0.00999406
2966.000000	0.0039852
2968.000000	0.000220421
2970.000000	0.00106487
2972.000000	0.00385739
2974.000000	0.00360264
2976.000000	0.0037285
2978.000000	0.000255996
2980.000000	0
2982.000000	0
2984.000000	0
2986.000000	0
2988.000000	0.00365121
2990.000000	0.0129014
2992.000000	0.0144557
2994.000000	0.0123071
2996.000000	0.000562816
2998.000000	0
3000.000000	0.000497481
3002.000000	0.00548804
3004.000000	0.00552147
3006.000000	0.00425497
3008.000000	0
3010.000000	0
3012.000000	0.00384742
3014.000000	0.00419465
3016.000000	0.00387291
3018.000000	0.0014516
3020.000000	0
3022.000000	0
3024.000000	0
3026.000000	0
3028.000000	0
3030.000000	0
3032.000000	0.00365121
3034.000000	0.00404096
3036.000000	0.00407883
3038.000000	0.00196115
3040.000000	0
3042.000000	0
3044.000000	0
3046.000000	0
3048.000000	0
3050.000000	0.00123849
3052.000000	0.00770074
3054.000000	0.00959385
3056.000000	0.00967587
3058.000000	0.00851072
3060.000000	0.00481078
3062.000000	0.00476992
3064.000000	0.0061333
3066.000000	0.0082051
3068.000000	0.00734575
3070.000000	0.0126898
3072.000000	0.0176264
3074.000000	0.0208138
3076.000000	0.0135415
3078.000000	0.0147304
3080.000000	0.0100045
3082.000000	0.00476903
3084.000000	0.000175456
3086.000000	0.00278549
3088.000000	0.00538793
3090.000000	0.00551539
3092.000000	0.00186706
3094.000000	0
3096.000000	0.0001277
3098.000000	0.00605496
3100.000000	0.00606035
3102.000000	0.00390753
3104.000000	0
3106.000000	0
3108.000000	0
3110.000000	0
3112.000000	0
3114.000000	0
3116.000000	0
3118.000000	0.00616251
3120.000000	0.00937515
3122.000000	0.0139764
3124.000000	0.0106925
3126.000000	0.0103178
3128.000000	0.00567868
3130.000000	0.00835223
3132.000000	0.0150589
3134.000000	0.0214457
3136.000000	0.0166212
3138.000000	0.00870003
3140.000000	0.00467836
3142.000000	0.00332721
3144.000000	0
3146.000000	0
3148.000000	0
3150.000000	0
3152.000000	0
3154.000000	0.000129423
3156.000000	0.00658986
3158.000000	0.00925818
3160.000000	0.0201997
3162.000000	0.0144063
3164.000000	0.00847828
3166.000000	8.37079e-005
3168.000000	0
3170.000000	0
3172.000000	0
3174.000000	0
3176.000000	0
3178.000000	0.00605769
3180.000000	0.0079496
3182.000000	0.00870003
3184.000000	0.00467836
3186.000000	0.00332721
3188.000000	0
3190.000000	0.0045308
3192.000000	0.0102627
3194.000000	0.014463
3196.000000	0.0125791
3198.000000	0.0102603
3200.000000	0.00604614
3202.000000	0.00923092
3204.000000	0.0159908
3206.000000	0.0153688
3208.000000	0.00388561
3210.000000	0
3212.000000	0.0018749
3214.000000	0.00554872
3216.000000	0.0105953
3218.000000	0.0108722
3220.000000	0.0103004
3222.000000	0.00551539
3224.000000	0.00269492
3226.000000	0.00446488
3228.000000	0.0043496
3230.000000	0.00426008
3232.000000	0.00418057
3234.000000	0.00497265
3236.000000	0.00739017
3238.000000	0.010732
3240.000000	0.00959593
3242.000000	0.00957652
3244.000000	0.0106141
3246.000000	0.0106285
3248.000000	0.00288748
3250.000000	0
3252.000000	0
3254.000000	0
3256.000000	0
3258.000000	0.000226195
3260.000000	0.00433989
3262.000000	0.00435915
3264.000000	0.00437976
3266.000000	0.000848525
3268.000000	0
3270.000000	0
3272.000000	0
3274.000000	0
3276.000000	0
3278.000000	0
3280.000000	0
3282.000000	0
3284.000000	0
3286.000000	0
3288.000000	0.00254625
3290.000000	0.0104651
3292.000000	0.0166644
3294.000000	0.0122543
3296.000000	0.00388561
3298.000000	0
3300.000000	0
3302.000000	0.00537034
3304.000000	0.0061052
3306.000000	0.00622969
3308.000000	0.00436167
3310.000000	0.00451824
3312.000000	0.00371433
3314.000000	0
3316.000000	0
3318.000000	0
3320.000000	0
3322.000000	0
3324.000000	0
3326.000000	0
3328.000000	0
3330.000000	0.00469897
3332.000000	0.00926448
3334.000000	0.00928113
3336.000000	0.0046026
3338.000000	0.00513213
3340.000000	0.00627017
3342.000000	0.0051747
3344.000000	0.0022751
3346.000000	0.00687666
3348.000000	0.0123725
3350.000000	0.0127736
3352.000000	0.00972872
3354.000000	9.67901e-005
3356.000000	0.00177312
3358.000000	0.00467843
3360.000000	0.00467836
3362.000000	0.00332721
3364.000000	0
3366.000000	0.00116675
3368.000000	0.00610716
3370.000000	0.00568238
3372.000000	0.00166985
3374.000000	0
3376.000000	0
3378.000000	0.00512789
3380.000000	0.00571609
3382.000000	0.00494898
3384.000000	0.00116346
3386.000000	0.00436579
3388.000000	0.00438768
3390.000000	0.00417442
3392.000000	0.0101842
3394.000000	0.0142069
3396.000000	0.0138876
3398.000000	0.00403471
3400.000000	0.00915782
3402.000000	0.0152913
3404.000000	0.0150365
3406.000000	0.00894347
3408.000000	0.00509417
3410.000000	0.00458775
3412.000000	0.00344454
3414.000000	0.00181218
3416.000000	0.00450235
3418.000000	0.00488749
3420.000000	0.00267659
3422.000000	0
3424.000000	0
3426.000000	0
3428.000000	0
3430.000000	0.00474345
3432.000000	0.00479918
3434.000000	0.00689847
3436.000000	0.00428138
3438.000000	0.00408099
3440.000000	0.00362491
3442.000000	0
3444.000000	0
3446.000000	0
3448.000000	0
3450.000000	0
3452.000000	0.00178927
3454.000000	0.00537257
3456.000000	0.00481078
3458.000000	0.00262166
3460.000000	0
3462.000000	0.00456955
3464.000000	0.00493994
3466.000000	0.00488653
3468.000000	0.00306972
3470.000000	0.0109218
3472.000000	0.0174981
3474.000000	0.0173868
3476.000000	0.0153875
3478.000000	0.0117015
3480.000000	0.00739356
3482.000000	0.00465691
3484.000000	0.00464863
3486.000000	0.000400299
3488.000000	0
3490.000000	0
3492.000000	0.00267485
3494.000000	0.00397025
3496.000000	0.0040044
3498.000000	0.00316568
3500.000000	0.00471863
3502.000000	0.00556127
3504.000000	0.00576813
3506.000000	0.00228884
3508.000000	0.00739885
3510.000000	0.00748454
3512.000000	0.00360387
3514.000000	0
3516.000000	0
3518.000000	0.00114395
3520.000000	0.00772507
3522.000000	0.0125335
3524.000000	0.0125134
3526.000000	0.00686094
3528.000000	0.00566643
3530.000000	0.0106183
3532.000000	0.0107029
3534.000000	0.00581861
3536.000000	0.00256574
3538.000000	0.005412
3540.000000	0.0069964
3542.000000	0.00715081
3544.000000	0.000876976
3546.000000	0
3548.000000	0
3550.000000	0
3552.000000	0.00194999
3554.000000	0.00738972
3556.000000	0.00734446
3558.000000	0.00731619
3560.000000	0.000673301
3562.000000	0
3564.000000	0
3566.000000	0
3568.000000	0
3570.000000	0
3572.000000	0
3574.000000	0
3576.000000	0
3578.000000	0
3580.000000	0
3582.000000	0
3584.000000	0.00686912
3586.000000	0.00764758
3588.000000	0.00777326
3590.000000	0.00336122
3592.000000	0.0059473
3594.000000	0.0113547
3596.000000	0.0121243
3598.000000	0.00678784
3600.000000	0
3602.000000	0
3604.000000	0
3606.000000	0
3608.000000	0
3610.000000	0
3612.000000	0
3614.000000	0
3616.000000	0
3618.000000	0.0101148
3620.000000	0.0125138
3622.000000	0.0123812
3624.000000	0.0128362
3626.000000	0.0109392
3628.000000	0.0110362
3630.000000	0.0087128
3632.000000	0
3634.000000	0
3636.000000	0
3638.000000	0
3640.000000	0
3642.000000	0
3644.000000	0
3646.000000	0
3648.000000	0
3650.000000	0
3652.000000	0
3654.000000	0
3656.000000	0
3658.000000	0
3660.000000	0
3662.000000	0
3664.000000	0
3666.000000	0
3668.000000	0
3670.000000	0
3672.000000	0
3674.000000	0
3676.000000	0
3678.000000	0
3680.000000	0
3682.000000	0
