418.000000	47.052
420.000000	45.7492
422.000000	48.1397
424.000000	50.2567
426.000000	49.5574
428.000000	48.5273
430.000000	50.5037
432.000000	46.2698
434.000000	43.846
436.000000	42.5733
438.000000	41.99
440.000000	41.2023
442.000000	41.8593
444.000000	41.6797
446.000000	41.9211
448.000000	42.9645
450.000000	41.2172
452.000000	37.5454
454.000000	35.0618
456.000000	33.5949
458.000000	35.2452
460.000000	35.1905
462.000000	35.5738
464.000000	35.4351
466.000000	36.7013
468.000000	36.1068
470.000000	34.9117
472.000000	33.8874
474.000000	32.3035
476.000000	31.5719
478.000000	31.4556
480.000000	31.5595
482.000000	29.8767
484.000000	31.0261
486.000000	33.4557
488.000000	33.0299
490.000000	32.3152
492.000000	31.0915
494.000000	31.4011
496.000000	30.7111
498.000000	29.7447
500.000000	28.3509
502.000000	29.9767
504.000000	29.6834
506.000000	29.1918
508.000000	26.7793
510.000000	26.8708
512.000000	26.5779
514.000000	26.841
516.000000	26.2701
518.000000	24.9618
520.000000	24.6332
522.000000	24.9132
524.000000	25.138
526.000000	24.9094
528.000000	25.1153
530.000000	25.4594
532.000000	24.1343
534.000000	23.4104
536.000000	23.0115
538.000000	23.4995
540.000000	22.7436
542.000000	22.2709
544.000000	21.7582
546.000000	22.4607
548.000000	22.7291
550.000000	22.4843
552.000000	21.1923
554.000000	20.685
556.000000	20.6475
558.000000	20.9062
560.000000	20.4618
562.000000	20.7376
564.000000	19.913
566.000000	19.2303
568.000000	18.5877
570.000000	19.0045
572.000000	19.6317
574.000000	19.979
576.000000	20.0812
578.000000	19.7909
580.000000	19.5273
582.000000	18.4677
584.000000	17.7872
586.000000	17.5242
588.000000	17.5548
590.000000	17.7619
592.000000	17.102
594.000000	16.7337
596.000000	16.0195
598.000000	15.6955
600.000000	15.6709
602.000000	15.7167
604.000000	15.9773
606.000000	15.7409
608.000000	15.5327
610.000000	15.2223
612.000000	14.9623
614.000000	14.1436
616.000000	14.077
618.000000	14.0879
620.000000	15.1099
622.000000	14.9877
624.000000	14.7906
626.000000	14.1478
628.000000	13.9405
630.000000	13.8335
632.000000	14.0422
634.000000	14.0483
636.000000	14.0999
638.000000	13.9149
640.000000	12.8386
642.000000	11.9638
644.000000	11.7678
646.000000	11.8759
648.000000	11.6774
650.000000	11.7525
652.000000	11.5638
654.000000	11.6098
656.000000	11.4846
658.000000	12.2645
660.000000	12.256
662.000000	11.9077
664.000000	10.6253
666.000000	10.69
668.000000	10.8428
670.000000	11.2974
672.000000	11.2955
674.000000	11.1414
676.000000	10.8715
678.000000	10.5123
680.000000	10.449
682.000000	9.76675
684.000000	9.05301
686.000000	8.6012
688.000000	8.79628
690.000000	8.80772
692.000000	8.59528
694.000000	8.36722
696.000000	8.22662
698.000000	8.06169
700.000000	8.28672
702.000000	8.08871
704.000000	8.24788
706.000000	8.50554
708.000000	8.96014
710.000000	8.37542
712.000000	7.7723
714.000000	7.27414
716.000000	7.55886
718.000000	8.09906
720.000000	7.80896
722.000000	7.63025
724.000000	7.29388
726.000000	7.30653
728.000000	6.91288
730.000000	6.38415
732.000000	6.35554
734.000000	6.52242
736.000000	6.56974
738.000000	5.99534
740.000000	6.06129
742.000000	6.32355
744.000000	6.437
746.000000	6.0541
748.000000	5.88617
750.000000	5.87937
752.000000	5.77881
754.000000	6.18542
756.000000	6.52472
758.000000	6.5675
760.000000	5.84294
762.000000	5.28452
764.000000	5.16149
766.000000	5.61319
768.000000	5.57884
770.000000	5.61307
772.000000	5.42073
774.000000	5.14329
776.000000	4.85145
778.000000	4.58121
780.000000	4.97958
782.000000	5.44528
784.000000	5.46518
786.000000	5.40657
788.000000	5.08066
790.000000	5.31977
792.000000	5.17502
794.000000	5.18311
796.000000	4.80926
798.000000	4.71356
800.000000	4.61213
802.000000	4.68857
804.000000	4.70533
806.000000	4.78387
808.000000	4.59172
810.000000	4.53456
812.000000	4.2973
814.000000	4.35085
816.000000	4.41347
818.000000	4.38377
820.000000	4.24942
822.000000	3.90838
824.000000	4.02215
826.000000	4.35577
828.000000	4.29129
830.000000	3.91697
832.000000	3.52784
834.000000	3.5051
836.000000	3.80161
838.000000	4.16604
840.000000	4.2262
842.000000	4.14344
844.000000	3.83094
846.000000	3.81148
848.000000	3.69167
850.000000	3.72202
852.000000	3.80738
854.000000	3.71916
856.000000	3.29397
858.000000	3.19171
860.000000	3.25817
862.000000	3.22412
864.000000	3.12984
866.000000	3.16832
868.000000	3.17767
870.000000	3.28903
872.000000	3.11122
874.000000	3.22313
876.000000	2.99225
878.000000	2.9756
880.000000	2.75987
882.000000	2.75772
884.000000	2.78257
886.000000	2.80254
888.000000	2.7661
890.000000	2.47162
892.000000	2.53596
894.000000	2.70615
896.000000	2.86381
898.000000	2.83235
900.000000	3.26974
902.000000	3.31549
904.000000	3.15913
906.000000	2.67242
908.000000	2.2096
910.000000	2.11326
912.000000	2.08339
914.000000	2.50188
916.000000	2.65154
918.000000	2.7097
920.000000	2.77026
922.000000	2.74739
924.000000	2.58785
926.000000	2.21449
928.000000	1.86958
930.000000	1.99774
932.000000	2.26393
934.000000	2.36064
936.000000	2.13658
938.000000	1.90643
940.000000	1.80187
942.000000	2.09001
944.000000	2.10785
946.000000	2.12403
948.000000	2.11005
950.000000	2.12233
952.000000	2.12789
954.000000	2.10606
956.000000	2.21714
958.000000	2.14984
960.000000	1.87053
962.000000	1.90925
964.000000	1.90424
966.000000	2.04324
968.000000	2.02797
970.000000	2.19894
972.000000	2.18328
974.000000	2.09001
976.000000	1.92541
978.000000	1.94047
980.000000	1.95872
982.000000	1.87466
984.000000	1.88349
986.000000	1.89443
988.000000	1.99901
990.000000	1.83341
992.000000	1.56301
994.000000	1.5321
996.000000	1.56975
998.000000	1.8569
1000.000000	1.97817
1002.000000	1.97793
1004.000000	1.88376
1006.000000	1.71664
1008.000000	1.703
1010.000000	1.61049
1012.000000	1.66939
1014.000000	1.64429
1016.000000	1.69811
1018.000000	1.76209
1020.000000	1.82432
1022.000000	1.85572
1024.000000	1.81181
1026.000000	1.73766
1028.000000	1.74908
1030.000000	1.62641
1032.000000	1.61969
1034.000000	1.63893
1036.000000	1.56351
1038.000000	1.46371
1040.000000	1.47001
1042.000000	1.3148
1044.000000	1.21036
1046.000000	1.19762
1048.000000	1.20664
1050.000000	1.32795
1052.000000	1.27905
1054.000000	1.33009
1056.000000	1.40776
1058.000000	1.54673
1060.000000	1.65182
1062.000000	1.72923
1064.000000	1.71334
1066.000000	1.54297
1068.000000	1.52893
1070.000000	1.46846
1072.000000	1.39882
1074.000000	1.42105
1076.000000	1.52639
1078.000000	1.55189
1080.000000	1.49208
1082.000000	1.48011
1084.000000	1.3628
1086.000000	1.38943
1088.000000	1.43749
1090.000000	1.41591
1092.000000	1.28532
1094.000000	1.23381
1096.000000	1.27366
1098.000000	1.20629
1100.000000	1.1653
1102.000000	1.20976
1104.000000	1.35173
1106.000000	1.36753
1108.000000	1.41037
1110.000000	1.34438
1112.000000	1.29976
1114.000000	1.24585
1116.000000	1.41136
1118.000000	1.61024
1120.000000	1.66861
1122.000000	1.61082
1124.000000	1.63122
1126.000000	1.43973
1128.000000	1.35265
1130.000000	1.14112
1132.000000	1.05848
1134.000000	1.13765
1136.000000	1.295
1138.000000	1.47403
1140.000000	1.46692
1142.000000	1.43584
1144.000000	1.47488
1146.000000	1.67969
1148.000000	1.67346
1150.000000	1.67006
1152.000000	1.70539
1154.000000	1.88141
1156.000000	1.71042
1158.000000	1.59885
1160.000000	1.51737
1162.000000	1.46345
1164.000000	1.37919
1166.000000	1.5537
1168.000000	1.7736
1170.000000	1.71918
1172.000000	1.61548
1174.000000	1.48063
1176.000000	1.45907
1178.000000	1.54544
1180.000000	1.62884
1182.000000	1.66164
1184.000000	1.50225
1186.000000	1.30867
1188.000000	1.35726
1190.000000	1.47564
1192.000000	1.45213
1194.000000	1.47998
1196.000000	1.54955
1198.000000	1.60526
1200.000000	1.52695
1202.000000	1.49509
1204.000000	1.44089
1206.000000	1.46161
1208.000000	1.418
1210.000000	1.51537
1212.000000	1.44569
1214.000000	1.19784
1216.000000	0.934396
1218.000000	0.930293
1220.000000	1.0637
1222.000000	1.33047
1224.000000	1.37867
1226.000000	1.28894
1228.000000	1.1406
1230.000000	1.15145
1232.000000	1.30688
1234.000000	1.52146
1236.000000	1.38985
1238.000000	1.30678
1240.000000	1.25809
1242.000000	1.22831
1244.000000	1.10859
1246.000000	1.15722
1248.000000	1.2384
1250.000000	1.22525
1252.000000	1.11228
1254.000000	1.11382
1256.000000	1.17467
1258.000000	1.13943
1260.000000	1.07568
1262.000000	0.890238
1264.000000	0.727981
1266.000000	0.761837
1268.000000	0.866321
1270.000000	0.96316
1272.000000	0.819858
1274.000000	0.88983
1276.000000	0.954753
1278.000000	1.13563
1280.000000	1.24229
1282.000000	1.26521
1284.000000	1.22956
1286.000000	1.25785
1288.000000	1.12492
1290.000000	0.962925
1292.000000	0.930813
1294.000000	0.98289
1296.000000	0.957583
1298.000000	0.93202
1300.000000	0.903551
1302.000000	0.825708
1304.000000	0.777677
1306.000000	0.725135
1308.000000	0.691434
1310.000000	0.756295
1312.000000	0.783388
1314.000000	0.827988
1316.000000	0.76886
1318.000000	0.680009
1320.000000	0.653426
1322.000000	0.633432
1324.000000	0.72623
1326.000000	0.815414
1328.000000	0.877394
1330.000000	0.670831
1332.000000	0.652272
1334.000000	0.632181
1336.000000	0.688201
1338.000000	0.654514
1340.000000	0.591587
1342.000000	0.606384
1344.000000	0.718195
1346.000000	0.671662
1348.000000	0.68743
1350.000000	0.586876
1352.000000	0.51039
1354.000000	0.596991
1356.000000	0.656495
1358.000000	0.662383
1360.000000	0.577206
1362.000000	0.597969
1364.000000	0.635161
1366.000000	0.571215
1368.000000	0.558247
1370.000000	0.621841
1372.000000	0.736443
1374.000000	0.771447
1376.000000	0.639184
1378.000000	0.510033
1380.000000	0.462515
1382.000000	0.637612
1384.000000	0.705482
1386.000000	0.69389
1388.000000	0.518606
1390.000000	0.529489
1392.000000	0.590056
1394.000000	0.678776
1396.000000	0.688635
1398.000000	0.603839
1400.000000	0.524584
1402.000000	0.563169
1404.000000	0.546129
1406.000000	0.47942
1408.000000	0.474957
1410.000000	0.468738
1412.000000	0.483282
1414.000000	0.520911
1416.000000	0.523034
1418.000000	0.664412
1420.000000	0.666748
1422.000000	0.709347
1424.000000	0.681299
1426.000000	0.755228
1428.000000	0.687822
1430.000000	0.588484
1432.000000	0.491073
1434.000000	0.537678
1436.000000	0.550098
1438.000000	0.673562
1440.000000	0.582548
1442.000000	0.546558
1444.000000	0.506651
1446.000000	0.594226
1448.000000	0.612168
1450.000000	0.590188
1452.000000	0.497169
1454.000000	0.477152
1456.000000	0.448639
1458.000000	0.448893
1460.000000	0.459498
1462.000000	0.51361
1464.000000	0.512039
1466.000000	0.487193
1468.000000	0.498239
1470.000000	0.49258
1472.000000	0.515304
1474.000000	0.51354
1476.000000	0.468594
1478.000000	0.457894
1480.000000	0.500556
1482.000000	0.528625
1484.000000	0.640742
1486.000000	0.670885
1488.000000	0.663904
1490.000000	0.66193
1492.000000	0.612726
1494.000000	0.509578
1496.000000	0.444084
1498.000000	0.440367
1500.000000	0.43633
1502.000000	0.397927
1504.000000	0.357514
1506.000000	0.417562
1508.000000	0.418603
1510.000000	0.397795
1512.000000	0.33558
1514.000000	0.359063
1516.000000	0.387063
1518.000000	0.400365
1520.000000	0.412259
1522.000000	0.36507
1524.000000	0.428973
1526.000000	0.497709
1528.000000	0.537073
1530.000000	0.511556
1532.000000	0.546737
1534.000000	0.607492
1536.000000	0.667472
1538.000000	0.613444
1540.000000	0.556454
1542.000000	0.451308
1544.000000	0.325575
1546.000000	0.401762
1548.000000	0.499732
1550.000000	0.482112
1552.000000	0.414482
1554.000000	0.33213
1556.000000	0.339616
1558.000000	0.415231
1560.000000	0.357906
1562.000000	0.382258
1564.000000	0.410013
1566.000000	0.501729
1568.000000	0.463361
1570.000000	0.481956
1572.000000	0.508616
1574.000000	0.532099
1576.000000	0.436063
1578.000000	0.396254
1580.000000	0.471333
1582.000000	0.432913
1584.000000	0.434088
1586.000000	0.397008
1588.000000	0.477963
1590.000000	0.64931
1592.000000	0.783914
1594.000000	0.730702
1596.000000	0.57851
1598.000000	0.47142
1600.000000	0.512936
1602.000000	0.564182
1604.000000	0.431288
1606.000000	0.437438
1608.000000	0.455617
1610.000000	0.461859
1612.000000	0.359033
1614.000000	0.39577
1616.000000	0.383802
1618.000000	0.498374
1620.000000	0.526781
1622.000000	0.489454
1624.000000	0.467073
1626.000000	0.453
1628.000000	0.479349
1630.000000	0.590833
1632.000000	0.642027
1634.000000	0.609025
1636.000000	0.566609
1638.000000	0.333485
1640.000000	0.283466
1642.000000	0.289305
1644.000000	0.424566
1646.000000	0.45157
1648.000000	0.367052
1650.000000	0.372992
1652.000000	0.439062
1654.000000	0.520607
1656.000000	0.529618
1658.000000	0.509548
1660.000000	0.486554
1662.000000	0.411093
1664.000000	0.257263
1666.000000	0.15053
1668.000000	0.146625
1670.000000	0.259252
1672.000000	0.439055
1674.000000	0.526233
1676.000000	0.616789
1678.000000	0.576732
1680.000000	0.603298
1682.000000	0.539609
1684.000000	0.508848
1686.000000	0.525118
1688.000000	0.484099
1690.000000	0.439831
1692.000000	0.304446
1694.000000	0.307
1696.000000	0.320681
1698.000000	0.387211
1700.000000	0.469361
1702.000000	0.490334
1704.000000	0.452739
1706.000000	0.390189
1708.000000	0.428838
1710.000000	0.411103
1712.000000	0.461267
1714.000000	0.419699
1716.000000	0.450409
1718.000000	0.451507
1720.000000	0.506155
1722.000000	0.53086
1724.000000	0.552929
1726.000000	0.513983
1728.000000	0.511185
1730.000000	0.466055
1732.000000	0.425539
1734.000000	0.372729
1736.000000	0.392962
1738.000000	0.452153
1740.000000	0.464734
1742.000000	0.486669
1744.000000	0.441571
1746.000000	0.318568
1748.000000	0.265549
1750.000000	0.329695
1752.000000	0.474067
1754.000000	0.430279
1756.000000	0.409861
1758.000000	0.404185
1760.000000	0.503738
1762.000000	0.536029
1764.000000	0.476371
1766.000000	0.491881
1768.000000	0.469608
1770.000000	0.466012
1772.000000	0.457301
1774.000000	0.46519
1776.000000	0.472304
1778.000000	0.50983
1780.000000	0.479724
1782.000000	0.492434
1784.000000	0.368378
1786.000000	0.361474
1788.000000	0.394776
1790.000000	0.400873
1792.000000	0.428398
1794.000000	0.423052
1796.000000	0.443765
1798.000000	0.533976
1800.000000	0.537545
1802.000000	0.55732
1804.000000	0.442698
1806.000000	0.436533
1808.000000	0.299692
1810.000000	0.340643
1812.000000	0.405808
1814.000000	0.393826
1816.000000	0.39453
1818.000000	0.419587
1820.000000	0.411541
1822.000000	0.408724
1824.000000	0.315712
1826.000000	0.308885
1828.000000	0.388957
1830.000000	0.421091
1832.000000	0.452042
1834.000000	0.379976
1836.000000	0.311947
1838.000000	0.234425
1840.000000	0.277315
1842.000000	0.277913
1844.000000	0.281045
1846.000000	0.282978
1848.000000	0.301596
1850.000000	0.391742
1852.000000	0.523849
1854.000000	0.554945
1856.000000	0.557867
1858.000000	0.479998
1860.000000	0.425862
1862.000000	0.325881
1864.000000	0.288629
1866.000000	0.287389
1868.000000	0.353881
1870.000000	0.404033
1872.000000	0.430756
1874.000000	0.410968
1876.000000	0.351066
1878.000000	0.293129
1880.000000	0.288682
1882.000000	0.294613
1884.000000	0.416776
1886.000000	0.435263
1888.000000	0.480101
1890.000000	0.370533
1892.000000	0.350576
1894.000000	0.280514
1896.000000	0.320054
1898.000000	0.303426
1900.000000	0.323565
1902.000000	0.298873
1904.000000	0.30168
1906.000000	0.344578
1908.000000	0.357257
1910.000000	0.335055
1912.000000	0.346269
1914.000000	0.359124
1916.000000	0.36521
1918.000000	0.236946
1920.000000	0.293307
1922.000000	0.305593
1924.000000	0.300145
1926.000000	0.250767
1928.000000	0.203391
1930.000000	0.203876
1932.000000	0.199177
1934.000000	0.201547
1936.000000	0.254389
1938.000000	0.273922
1940.000000	0.294714
1942.000000	0.332154
1944.000000	0.359725
1946.000000	0.331505
1948.000000	0.289665
1950.000000	0.311874
1952.000000	0.335583
1954.000000	0.387917
1956.000000	0.349638
1958.000000	0.314453
1960.000000	0.305469
1962.000000	0.276597
1964.000000	0.285668
1966.000000	0.278154
1968.000000	0.285249
1970.000000	0.299977
1972.000000	0.26743
1974.000000	0.265809
1976.000000	0.253198
1978.000000	0.325458
1980.000000	0.303095
1982.000000	0.268273
1984.000000	0.199711
1986.000000	0.241008
1988.000000	0.290049
1990.000000	0.49451
1992.000000	0.508566
1994.000000	0.491218
1996.000000	0.431253
1998.000000	0.321395
2000.000000	0.278066
2002.000000	0.245
2004.000000	0.180239
2006.000000	0.298278
2008.000000	0.382054
2010.000000	0.429713
2012.000000	0.377423
2014.000000	0.367015
2016.000000	0.357801
2018.000000	0.384
2020.000000	0.345143
2022.000000	0.361084
2024.000000	0.308386
2026.000000	0.236873
2028.000000	0.300108
2030.000000	0.338858
2032.000000	0.375513
2034.000000	0.272042
2036.000000	0.268892
2038.000000	0.273275
2040.000000	0.332571
2042.000000	0.368845
2044.000000	0.343133
2046.000000	0.263755
2048.000000	0.18718
2050.000000	0.156282
2052.000000	0.168233
2054.000000	0.220987
2056.000000	0.250311
2058.000000	0.269657
2060.000000	0.297979
2062.000000	0.304107
2064.000000	0.268493
2066.000000	0.242803
2068.000000	0.190827
2070.000000	0.1745
2072.000000	0.159694
2074.000000	0.209949
2076.000000	0.240866
2078.000000	0.284712
2080.000000	0.250375
2082.000000	0.200629
2084.000000	0.16154
2086.000000	0.150416
2088.000000	0.245774
2090.000000	0.278793
2092.000000	0.296963
2094.000000	0.210766
2096.000000	0.153606
2098.000000	0.192352
2100.000000	0.214047
2102.000000	0.268652
2104.000000	0.366318
2106.000000	0.339818
2108.000000	0.309986
2110.000000	0.203568
2112.000000	0.188461
2114.000000	0.236793
2116.000000	0.342956
2118.000000	0.350276
2120.000000	0.339281
2122.000000	0.196296
2124.000000	0.192321
2126.000000	0.243054
2128.000000	0.282759
2130.000000	0.306666
2132.000000	0.263952
2134.000000	0.224889
2136.000000	0.239165
2138.000000	0.331128
2140.000000	0.368096
2142.000000	0.385129
2144.000000	0.347886
2146.000000	0.299605
2148.000000	0.259356
2150.000000	0.277908
2152.000000	0.290556
2154.000000	0.378845
2156.000000	0.387791
2158.000000	0.344853
2160.000000	0.283516
2162.000000	0.268058
2164.000000	0.290044
2166.000000	0.365526
2168.000000	0.347526
2170.000000	0.280896
2172.000000	0.243892
2174.000000	0.223671
2176.000000	0.25574
2178.000000	0.245324
2180.000000	0.259475
2182.000000	0.204065
2184.000000	0.159287
2186.000000	0.200121
2188.000000	0.238662
2190.000000	0.249655
2192.000000	0.176683
2194.000000	0.147868
2196.000000	0.161179
2198.000000	0.226498
2200.000000	0.279763
2202.000000	0.299287
2204.000000	0.283704
2206.000000	0.246301
2208.000000	0.203962
2210.000000	0.151443
2212.000000	0.141523
2214.000000	0.151729
2216.000000	0.156665
2218.000000	0.257134
2220.000000	0.263818
2222.000000	0.249031
2224.000000	0.115996
2226.000000	0.157119
2228.000000	0.165206
2230.000000	0.155055
2232.000000	0.144266
2234.000000	0.194735
2236.000000	0.271862
2238.000000	0.290855
2240.000000	0.199949
2242.000000	0.160244
2244.000000	0.162185
2246.000000	0.249119
2248.000000	0.211671
2250.000000	0.202457
2252.000000	0.192284
2254.000000	0.162448
2256.000000	0.145717
2258.000000	0.134501
2260.000000	0.156791
2262.000000	0.220584
2264.000000	0.314498
2266.000000	0.297583
2268.000000	0.20927
2270.000000	0.120311
2272.000000	0.160603
2274.000000	0.163255
2276.000000	0.156322
2278.000000	0.138077
2280.000000	0.244473
2282.000000	0.285787
2284.000000	0.262772
2286.000000	0.232957
2288.000000	0.239285
2290.000000	0.212089
2292.000000	0.0959647
2294.000000	0.108699
2296.000000	0.166873
2298.000000	0.257916
2300.000000	0.289901
2302.000000	0.290817
2304.000000	0.27724
2306.000000	0.231349
2308.000000	0.159138
2310.000000	0.162094
2312.000000	0.259991
2314.000000	0.218442
2316.000000	0.248779
2318.000000	0.268392
2320.000000	0.341099
2322.000000	0.337927
2324.000000	0.341029
2326.000000	0.289507
2328.000000	0.263465
2330.000000	0.198318
2332.000000	0.247474
2334.000000	0.266468
2336.000000	0.21135
2338.000000	0.211549
2340.000000	0.253284
2342.000000	0.249458
2344.000000	0.212111
2346.000000	0.136296
2348.000000	0.0920991
2350.000000	0.108507
2352.000000	0.152166
2354.000000	0.157336
2356.000000	0.149366
2358.000000	0.137222
2360.000000	0.161257
2362.000000	0.191607
2364.000000	0.195662
2366.000000	0.146256
2368.000000	0.135961
2370.000000	0.161363
2372.000000	0.210351
2374.000000	0.218248
2376.000000	0.270355
2378.000000	0.300719
2380.000000	0.308422
2382.000000	0.253871
2384.000000	0.213578
2386.000000	0.187737
2388.000000	0.183867
2390.000000	0.180915
2392.000000	0.190266
2394.000000	0.179122
2396.000000	0.121331
2398.000000	0.0977313
2400.000000	0.102561
2402.000000	0.116786
2404.000000	0.10145
2406.000000	0.124415
2408.000000	0.146425
2410.000000	0.152039
2412.000000	0.169504
2414.000000	0.180016
2416.000000	0.18687
2418.000000	0.173708
2420.000000	0.181851
2422.000000	0.240865
2424.000000	0.267529
2426.000000	0.283152
2428.000000	0.278923
2430.000000	0.255004
2432.000000	0.230277
2434.000000	0.272873
2436.000000	0.315129
2438.000000	0.32934
2440.000000	0.197981
2442.000000	0.199306
2444.000000	0.223831
2446.000000	0.245564
2448.000000	0.235308
2450.000000	0.17859
2452.000000	0.165227
2454.000000	0.201783
2456.000000	0.248741
2458.000000	0.26592
2460.000000	0.217919
2462.000000	0.142699
2464.000000	0.128382
2466.000000	0.131792
2468.000000	0.148801
2470.000000	0.224826
2472.000000	0.274428
2474.000000	0.239253
2476.000000	0.147301
2478.000000	0.0647005
2480.000000	0.133488
2482.000000	0.138151
2484.000000	0.201477
2486.000000	0.188576
2488.000000	0.161152
2490.000000	0.124283
2492.000000	0.164266
2494.000000	0.188349
2496.000000	0.193792
2498.000000	0.17973
2500.000000	0.185681
2502.000000	0.19905
2504.000000	0.138837
2506.000000	0.127256
2508.000000	0.140331
2510.000000	0.158483
2512.000000	0.215895
2514.000000	0.252816
2516.000000	0.286801
2518.000000	0.312613
2520.000000	0.272224
2522.000000	0.21768
2524.000000	0.156896
2526.000000	0.187628
2528.000000	0.136175
2530.000000	0.11768
2532.000000	0.100435
2534.000000	0.0838499
2536.000000	0.0877706
2538.000000	0.0945534
2540.000000	0.11468
2542.000000	0.130193
2544.000000	0.151766
2546.000000	0.123716
2548.000000	0.125122
2550.000000	0.146578
2552.000000	0.183284
2554.000000	0.156306
2556.000000	0.123105
2558.000000	0.0867538
2560.000000	0.0572066
2562.000000	0.0791792
2564.000000	0.139718
2566.000000	0.214427
2568.000000	0.233398
2570.000000	0.169565
2572.000000	0.0753117
2574.000000	0.0539224
2576.000000	0.110101
2578.000000	0.146572
2580.000000	0.189322
2582.000000	0.148242
2584.000000	0.120461
2586.000000	0.182961
2588.000000	0.227653
2590.000000	0.252776
2592.000000	0.22236
2594.000000	0.247051
2596.000000	0.22054
2598.000000	0.170676
2600.000000	0.129557
2602.000000	0.0816501
2604.000000	0.0533372
2606.000000	0.158631
2608.000000	0.211395
2610.000000	0.268464
2612.000000	0.205268
2614.000000	0.156821
2616.000000	0.163566
2618.000000	0.171043
2620.000000	0.203588
2622.000000	0.163908
2624.000000	0.118758
2626.000000	0.106266
2628.000000	0.100689
2630.000000	0.115399
2632.000000	0.0787684
2634.000000	0.106967
2636.000000	0.124087
2638.000000	0.146645
2640.000000	0.150812
2642.000000	0.113106
2644.000000	0.15126
2646.000000	0.192068
2648.000000	0.228758
2650.000000	0.207172
2652.000000	0.181488
2654.000000	0.144835
2656.000000	0.0940286
2658.000000	0.094146
2660.000000	0.0792447
2662.000000	0.0828479
2664.000000	0.0885444
2666.000000	0.146881
2668.000000	0.188975
2670.000000	0.180467
2672.000000	0.168482
2674.000000	0.103012
2676.000000	0.149137
2678.000000	0.149898
2680.000000	0.165909
2682.000000	0.116509
2684.000000	0.145737
2686.000000	0.164172
2688.000000	0.168131
2690.000000	0.144766
2692.000000	0.12656
2694.000000	0.13866
2696.000000	0.143333
2698.000000	0.166432
2700.000000	0.125846
2702.000000	0.157233
2704.000000	0.131541
2706.000000	0.175359
2708.000000	0.149114
2710.000000	0.0963781
2712.000000	0.0854654
2714.000000	0.0951183
2716.000000	0.105172
2718.000000	0.119729
2720.000000	0.123394
2722.000000	0.176789
2724.000000	0.194924
2726.000000	0.256371
2728.000000	0.236498
2730.000000	0.189896
2732.000000	0.110366
2734.000000	0.116057
2736.000000	0.134731
2738.000000	0.188807
2740.000000	0.178523
2742.000000	0.155211
2744.000000	0.147904
2746.000000	0.168171
2748.000000	0.157855
2750.000000	0.127101
2752.000000	0.123246
2754.000000	0.146256
2756.000000	0.156011
2758.000000	0.179503
2760.000000	0.21797
2762.000000	0.245054
2764.000000	0.191748
2766.000000	0.217998
2768.000000	0.223325
2770.000000	0.229067
2772.000000	0.181924
2774.000000	0.123688
2776.000000	0.0596863
2778.000000	0.0631858
2780.000000	0.069399
2782.000000	0.0687082
2784.000000	0.0902402
2786.000000	0.12101
2788.000000	0.164162
2790.000000	0.150798
2792.000000	0.113022
2794.000000	0.116547
2796.000000	0.131487
2798.000000	0.200347
2800.000000	0.169068
2802.000000	0.128133
2804.000000	0.0907593
2806.000000	0.123509
2808.000000	0.1059
2810.000000	0.119857
2812.000000	0.141194
2814.000000	0.180674
2816.000000	0.139526
2818.000000	0.103706
2820.000000	0.0574397
2822.000000	0.0729749
2824.000000	0.0927057
2826.000000	0.117496
2828.000000	0.0992686
2830.000000	0.102776
2832.000000	0.0890608
2834.000000	0.0898395
2836.000000	0.0505939
2838.000000	0.0499662
2840.000000	0.0336076
2842.000000	0.024307
2844.000000	0.00607323
2846.000000	0.0285155
2848.000000	0.0624268
2850.000000	0.0972144
2852.000000	0.108658
2854.000000	0.0860593
2856.000000	0.0682367
2858.000000	0.0652476
2860.000000	0.0474094
2862.000000	0.0333947
2864.000000	0.0315937
2866.000000	0.0496621
2868.000000	0.0575899
2870.000000	0.0174027
2872.000000	0.0340134
2874.000000	0.0363594
2876.000000	0.0459642
2878.000000	0.0383277
2880.000000	0.0642047
2882.000000	0.0819496
2884.000000	0.088378
2886.000000	0.0549978
2888.000000	0.0508783
2890.000000	0.0379158
2892.000000	0.0571518
2894.000000	0.0743088
2896.000000	0.0637162
2898.000000	0.0248713
2900.000000	0.00146181
2902.000000	0
2904.000000	0.0227355
2906.000000	0.0350721
2908.000000	0.0372258
2910.000000	0.028707
2912.000000	0.0197907
2914.000000	0.0501248
2916.000000	0.063131
2918.000000	0.0523727
2920.000000	0.028538
2922.000000	0.00443809
2924.000000	0.0223018
2926.000000	0.0435109
2928.000000	0.0660539
2930.000000	0.0477701
2932.000000	0.028862
2934.000000	0.0204318
2936.000000	0.0213219
2938.000000	0.0255697
2940.000000	0.0539976
2942.000000	0.0701939
2944.000000	0.0616543
2946.000000	0.0181762
2948.000000	0
2950.000000	0.000904763
2952.000000	0.0185355
2954.000000	0.0183179
2956.000000	0.0180256
2958.000000	0.00320661
2960.000000	0.00309014
2962.000000	0.0172052
2964.000000	0.0176633
2966.000000	0.0389307
2968.000000	0.0398816
2970.000000	0.0445563
2972.000000	0.0374642
2974.000000	0.0407694
2976.000000	0.0455994
2978.000000	0.0479333
2980.000000	0.0377693
2982.000000	0.0633121
2984.000000	0.0583385
2986.000000	0.0443009
2988.000000	0
2990.000000	0.00341228
2992.000000	0.0248871
2994.000000	0.0542035
2996.000000	0.0565946
2998.000000	0.0351177
3000.000000	0.0213537
3002.000000	0.0347974
3004.000000	0.0236379
3006.000000	0.0243557
3008.000000	0.039575
3010.000000	0.0366849
3012.000000	0.0376313
3014.000000	0.0281152
3016.000000	0.0142357
3018.000000	0.00710607
3020.000000	0.014382
3022.000000	0.0209788
3024.000000	0.0163176
3026.000000	0
3028.000000	0.0188476
3030.000000	0.0342672
3032.000000	0.0368357
3034.000000	0.0171783
3036.000000	0.0172437
3038.000000	0.017536
3040.000000	0.0186129
3042.000000	0.0183281
3044.000000	0.0197907
3046.000000	0.0363005
3048.000000	0.0405792
3050.000000	0.0336117
3052.000000	0.0173837
3054.000000	0.0333463
3056.000000	0.0206302
3058.000000	0.0202751
3060.000000	0.0218831
3062.000000	0.032457
3064.000000	0.0218469
3066.000000	0.0209473
3068.000000	0.0193736
3070.000000	0.0194232
3072.000000	0.0297212
3074.000000	0.0208002
3076.000000	0.0116401
3078.000000	0
3080.000000	0.0113677
3082.000000	0.017536
3084.000000	0.031374
3086.000000	0.0422486
3088.000000	0.0432363
3090.000000	0.0388756
3092.000000	0.0260785
3094.000000	0.0198082
3096.000000	0.0204087
3098.000000	0.0204204
3100.000000	0.013606
3102.000000	0
3104.000000	0
3106.000000	0
3108.000000	0.0111537
3110.000000	0.0183867
3112.000000	0.0242897
3114.000000	0.0237097
3116.000000	0.020944
3118.000000	0.0207492
3120.000000	0.0207875
3122.000000	0.0174958
3124.000000	0
3126.000000	0
3128.000000	0
3130.000000	0.0135389
3132.000000	0.0167111
3134.000000	0.0173013
3136.000000	0.0101619
3138.000000	0
3140.000000	0
3142.000000	0
3144.000000	0
3146.000000	0
3148.000000	0
3150.000000	0
3152.000000	0
3154.000000	0
3156.000000	0
3158.000000	0
3160.000000	0.0100383
3162.000000	0.0195768
3164.000000	0.0203026
3166.000000	0.00509808
3168.000000	0
3170.000000	0
3172.000000	0.0179015
3174.000000	0.0291658
3176.000000	0.0408995
3178.000000	0.0382308
3180.000000	0.0368872
3182.000000	0.03642
3184.000000	0.0258667
3186.000000	0
3188.000000	0
3190.000000	0.00423142
3192.000000	0.014747
3194.000000	0.0319588
3196.000000	0.0491029
3198.000000	0.0474273
3200.000000	0.0322241
3202.000000	0.0161941
3204.000000	0.00670553
3206.000000	0.00936859
3208.000000	0.0196112
3210.000000	0.0389827
3212.000000	0.0296466
3214.000000	0.0192104
3216.000000	0.000699653
3218.000000	0.0206856
3220.000000	0.0398456
3222.000000	0.0386434
3224.000000	0.01318
3226.000000	0
3228.000000	0
3230.000000	0
3232.000000	0.0150843
3234.000000	0.0156824
3236.000000	0.0142357
3238.000000	0.025125
3240.000000	0.0201762
3242.000000	0.0290929
3244.000000	0.0195218
3246.000000	0.0192712
3248.000000	0.000486276
3250.000000	0
3252.000000	0
3254.000000	0
3256.000000	0
3258.000000	0
3260.000000	0.0179015
3262.000000	0.018823
3264.000000	0.0191264
3266.000000	0.00167348
3268.000000	0
3270.000000	0
3272.000000	0
3274.000000	0
3276.000000	0
3278.000000	0
3280.000000	0
3282.000000	0
3284.000000	0
3286.000000	0
3288.000000	0
3290.000000	0
3292.000000	0.0100383
3294.000000	0.0195768
3296.000000	0.0203026
3298.000000	0.00509808
3300.000000	0
3302.000000	0
3304.000000	0
3306.000000	0
3308.000000	0.00183952
3310.000000	0.0370529
3312.000000	0.0385592
3314.000000	0.0407735
3316.000000	0.037988
3318.000000	0.0383691
3320.000000	0.0245239
3322.000000	0.0124648
3324.000000	0.0392511
3326.000000	0.0464966
3328.000000	0.0259709
3330.000000	0.0154689
3332.000000	0.0117158
3334.000000	0
3336.000000	0
3338.000000	0
3340.000000	0
3342.000000	0
3344.000000	0
3346.000000	0
3348.000000	0
3350.000000	0
3352.000000	0.0018503
3354.000000	0.0172357
3356.000000	0.0233539
3358.000000	0.0320388
3360.000000	0.0352706
3362.000000	0.0536496
3364.000000	0.0550762
3366.000000	0.0428822
3368.000000	0.0491788
3370.000000	0.0386488
3372.000000	0.0202868
3374.000000	0.000996357
3376.000000	0
3378.000000	0
3380.000000	0
3382.000000	0.00936859
3384.000000	0.0196112
3386.000000	0.0231545
3388.000000	0.0312492
3390.000000	0.0218511
3392.000000	0.00896621
3394.000000	0
3396.000000	0
3398.000000	0
3400.000000	0.0128676
3402.000000	0.0242203
3404.000000	0.0409178
3406.000000	0.0407848
3408.000000	0.0339122
3410.000000	0.0266787
3412.000000	0.0212494
3414.000000	0.0179493
3416.000000	0.00649422
3418.000000	0
3420.000000	0
3422.000000	0
3424.000000	0
3426.000000	0.0025739
3428.000000	0.0201983
3430.000000	0.0228143
3432.000000	0.0285543
3434.000000	0.0159208
3436.000000	0.0161662
3438.000000	0.0165319
3440.000000	0.0167111
3442.000000	0.0173013
3444.000000	0.0101619
3446.000000	0
3448.000000	0.00962787
3450.000000	0.0179925
3452.000000	0.0172829
3454.000000	0.01247
3456.000000	0.0151972
3458.000000	0.0344703
3460.000000	0.037612
3462.000000	0.0127126
3464.000000	0.0212485
3466.000000	0.0331727
3468.000000	0.0333543
3470.000000	0.0188648
3472.000000	0.0106237
3474.000000	0.020864
3476.000000	0.0211491
3478.000000	0.00259624
3480.000000	0.0179015
3482.000000	0.0267722
3484.000000	0.0370776
3486.000000	0.0325724
3488.000000	0.0307749
3490.000000	0.0172757
3492.000000	0.0221881
3494.000000	0.017023
3496.000000	0.0179961
3498.000000	0.00483509
3500.000000	0
3502.000000	0.0104352
3504.000000	0.0184711
3506.000000	0.0200393
3508.000000	0.0152767
3510.000000	0.0099207
3512.000000	0.0351958
3514.000000	0.0479476
3516.000000	0.0673313
3518.000000	0.0488794
3520.000000	0.0429395
3522.000000	0.0316318
3524.000000	0
3526.000000	0
3528.000000	0
3530.000000	0
3532.000000	0.00938069
3534.000000	0.0237113
3536.000000	0.0219861
3538.000000	0.0157122
3540.000000	0
3542.000000	0
3544.000000	0
3546.000000	0
3548.000000	0
3550.000000	0
3552.000000	0
3554.000000	0
3556.000000	0
3558.000000	0
3560.000000	0
3562.000000	0
3564.000000	0
3566.000000	0
3568.000000	0
3570.000000	0
3572.000000	0
3574.000000	0.0319111
3576.000000	0.0341095
3578.000000	0.0328155
3580.000000	0.0048842
3582.000000	0
3584.000000	0
3586.000000	0
3588.000000	0
3590.000000	0
3592.000000	0
3594.000000	0
3596.000000	0
3598.000000	0
3600.000000	0
3602.000000	0
3604.000000	0
3606.000000	0
3608.000000	0
3610.000000	0
3612.000000	0
3614.000000	0.037503
3616.000000	0.0462475
3618.000000	0.0478386
3620.000000	0.0280693
3622.000000	0
3624.000000	0
3626.000000	0
3628.000000	0
3630.000000	0
3632.000000	0
3634.000000	0
3636.000000	0
3638.000000	0
3640.000000	0
3642.000000	0
3644.000000	0
3646.000000	0
3648.000000	0.0815245
3650.000000	0.0895617
3652.000000	0.0898296
3654.000000	0.0435137
3656.000000	0
3658.000000	0
3660.000000	0
3662.000000	0
3664.000000	0
3666.000000	0
3668.000000	0
3670.000000	0
3672.000000	0
3674.000000	0
3676.000000	0
3678.000000	0
3680.000000	0
3682.000000	0
