418.000000	18.4033
420.000000	18.4526
422.000000	18.0077
424.000000	17.3705
426.000000	16.8897
428.000000	16.5607
430.000000	16.3344
432.000000	16.1302
434.000000	16.5801
436.000000	16.8832
438.000000	16.7875
440.000000	15.5727
442.000000	15.4961
444.000000	15.6053
446.000000	15.3484
448.000000	14.5136
450.000000	14.3355
452.000000	14.7416
454.000000	14.7292
456.000000	14.3181
458.000000	13.7407
460.000000	13.8171
462.000000	13.724
464.000000	13.4022
466.000000	12.8331
468.000000	12.6523
470.000000	12.8233
472.000000	13.0846
474.000000	13.2778
476.000000	13.3842
478.000000	13.4018
480.000000	12.7774
482.000000	12.7051
484.000000	12.4372
486.000000	12.3095
488.000000	12.0563
490.000000	12.1746
492.000000	12.1566
494.000000	12.3092
496.000000	12.3362
498.000000	12.2337
500.000000	11.997
502.000000	11.665
504.000000	11.8361
506.000000	11.8222
508.000000	11.5901
510.000000	11.1345
512.000000	11.0265
514.000000	11.0378
516.000000	11.124
518.000000	11.031
520.000000	11.4127
522.000000	11.6048
524.000000	11.52
526.000000	11.0006
528.000000	10.6851
530.000000	10.9592
532.000000	10.9386
534.000000	10.7987
536.000000	10.5455
538.000000	10.8038
540.000000	10.9037
542.000000	10.8427
544.000000	10.7617
546.000000	10.7623
548.000000	10.7548
550.000000	10.6713
552.000000	10.5365
554.000000	10.3709
556.000000	10.2754
558.000000	10.4649
560.000000	10.7095
562.000000	10.6008
564.000000	10.442
566.000000	10.5704
568.000000	10.833
570.000000	10.6391
572.000000	10.4643
574.000000	10.2405
576.000000	9.82461
578.000000	9.76834
580.000000	9.72486
582.000000	9.86119
584.000000	10.0231
586.000000	9.97214
588.000000	9.97842
590.000000	9.8089
592.000000	9.81197
594.000000	9.89987
596.000000	9.93327
598.000000	9.92995
600.000000	9.84288
602.000000	9.70994
604.000000	9.6277
606.000000	9.53372
608.000000	9.45187
610.000000	9.17323
612.000000	9.27784
614.000000	9.64644
616.000000	10.0064
618.000000	9.93053
620.000000	9.5595
622.000000	9.51319
624.000000	9.42874
626.000000	9.40057
628.000000	9.57421
630.000000	9.72278
632.000000	9.82222
634.000000	9.5844
636.000000	9.22833
638.000000	9.21387
640.000000	9.46068
642.000000	9.52322
644.000000	9.351
646.000000	9.03739
648.000000	9.04956
650.000000	9.33323
652.000000	9.48784
654.000000	9.38539
656.000000	9.04938
658.000000	8.9131
660.000000	8.90514
662.000000	9.24707
664.000000	9.13063
666.000000	9.22155
668.000000	9.16836
670.000000	9.08705
672.000000	9.07198
674.000000	9.08838
676.000000	9.00896
678.000000	8.88241
680.000000	8.88974
682.000000	8.90104
684.000000	8.81042
686.000000	8.68185
688.000000	8.58792
690.000000	8.54401
692.000000	8.812
694.000000	8.99823
696.000000	9.10021
698.000000	9.00005
700.000000	8.78581
702.000000	8.52599
704.000000	8.53938
706.000000	8.65395
708.000000	8.93059
710.000000	8.76264
712.000000	8.6215
714.000000	9.00459
716.000000	9.15832
718.000000	9.25264
720.000000	8.89028
722.000000	8.62402
724.000000	8.54561
726.000000	8.79162
728.000000	9.02147
730.000000	8.98607
732.000000	8.92006
734.000000	8.68827
736.000000	8.60492
738.000000	8.53111
740.000000	8.93203
742.000000	8.98601
744.000000	8.96129
746.000000	8.46811
748.000000	8.59144
750.000000	8.84269
752.000000	8.87022
754.000000	8.82689
756.000000	8.80889
758.000000	9.16525
760.000000	9.15368
762.000000	9.00373
764.000000	8.73192
766.000000	8.79826
768.000000	8.94497
770.000000	9.08218
772.000000	8.94507
774.000000	8.60605
776.000000	8.66971
778.000000	8.80791
780.000000	8.72491
782.000000	8.47143
784.000000	8.59292
786.000000	8.74006
788.000000	8.81507
790.000000	8.90012
792.000000	9.02658
794.000000	8.96237
796.000000	8.68434
798.000000	8.64062
800.000000	8.64934
802.000000	8.80316
804.000000	8.72924
806.000000	8.67818
808.000000	8.51334
810.000000	8.50659
812.000000	8.61454
814.000000	8.81185
816.000000	8.71906
818.000000	8.70298
820.000000	8.62503
822.000000	8.71384
824.000000	8.7638
826.000000	8.87699
828.000000	8.9468
830.000000	9.03344
832.000000	9.00656
834.000000	8.96106
836.000000	8.92465
838.000000	8.78297
840.000000	8.82232
842.000000	8.76528
844.000000	8.80695
846.000000	8.64271
848.000000	8.78579
850.000000	8.97959
852.000000	8.97433
854.000000	8.64902
856.000000	8.40937
858.000000	8.52774
860.000000	8.62918
862.000000	8.64543
864.000000	8.56886
866.000000	8.70894
868.000000	8.80018
870.000000	9.21514
872.000000	9.25976
874.000000	9.32663
876.000000	9.12117
878.000000	8.87213
880.000000	8.54908
882.000000	8.35629
884.000000	8.39185
886.000000	8.59762
888.000000	8.69349
890.000000	8.8339
892.000000	8.79062
894.000000	8.71419
896.000000	8.69824
898.000000	8.79937
900.000000	8.77393
902.000000	8.79298
904.000000	8.99719
906.000000	9.00972
908.000000	8.84621
910.000000	8.59294
912.000000	8.63167
914.000000	9.00591
916.000000	9.05988
918.000000	8.87306
920.000000	8.931
922.000000	8.91523
924.000000	8.89405
926.000000	8.54038
928.000000	8.34498
930.000000	8.36493
932.000000	8.39036
934.000000	8.92358
936.000000	9.02396
938.000000	8.95334
940.000000	8.68396
942.000000	8.70447
944.000000	8.64627
946.000000	8.70727
948.000000	8.68109
950.000000	8.7007
952.000000	8.61995
954.000000	8.54296
956.000000	8.60324
958.000000	8.70119
960.000000	8.86108
962.000000	8.99692
964.000000	8.92841
966.000000	8.52358
968.000000	8.50583
970.000000	8.67139
972.000000	8.73391
974.000000	8.64049
976.000000	8.57706
978.000000	8.64252
980.000000	8.58308
982.000000	8.6292
984.000000	8.72192
986.000000	8.77924
988.000000	8.66845
990.000000	8.72602
992.000000	8.67861
994.000000	8.74919
996.000000	8.76905
998.000000	8.85213
1000.000000	8.78035
1002.000000	8.70878
1004.000000	8.78793
1006.000000	8.94701
1008.000000	8.93703
1010.000000	8.43885
1012.000000	8.35238
1014.000000	8.24953
1016.000000	8.60322
1018.000000	8.60194
1020.000000	8.65482
1022.000000	9.11045
1024.000000	9.22112
1026.000000	9.38767
1028.000000	9.1786
1030.000000	9.23266
1032.000000	9.07588
1034.000000	9.04516
1036.000000	9.0384
1038.000000	9.21595
1040.000000	8.94579
1042.000000	9.18109
1044.000000	9.47202
1046.000000	9.84743
1048.000000	9.69949
1050.000000	9.51359
1052.000000	9.45368
1054.000000	9.4134
1056.000000	9.48887
1058.000000	9.65553
1060.000000	9.74632
1062.000000	9.88139
1064.000000	9.97016
1066.000000	10.6496
1068.000000	10.9702
1070.000000	11.1281
1072.000000	11.2639
1074.000000	11.5554
1076.000000	11.8152
1078.000000	11.988
1080.000000	12.2368
1082.000000	12.7351
1084.000000	13.2106
1086.000000	13.6036
1088.000000	13.6404
1090.000000	13.54
1092.000000	13.5353
1094.000000	13.6605
1096.000000	13.8664
1098.000000	13.8405
1100.000000	14.0781
1102.000000	13.8999
1104.000000	13.628
1106.000000	13.1759
1108.000000	12.9858
1110.000000	13.3017
1112.000000	13.2532
1114.000000	13.0434
1116.000000	12.2739
1118.000000	12.0228
1120.000000	11.8001
1122.000000	11.7218
1124.000000	11.2668
1126.000000	10.592
1128.000000	10.1457
1130.000000	9.53104
1132.000000	9.02016
1134.000000	8.47685
1136.000000	8.51452
1138.000000	8.6704
1140.000000	8.77953
1142.000000	8.60334
1144.000000	8.39528
1146.000000	8.1064
1148.000000	7.84773
1150.000000	7.64339
1152.000000	7.54776
1154.000000	7.56807
1156.000000	7.44859
1158.000000	7.34105
1160.000000	7.2685
1162.000000	7.37098
1164.000000	7.29326
1166.000000	7.20973
1168.000000	6.96827
1170.000000	6.77288
1172.000000	6.81952
1174.000000	6.95042
1176.000000	7.00867
1178.000000	6.84038
1180.000000	6.7514
1182.000000	6.86906
1184.000000	6.95652
1186.000000	6.96725
1188.000000	6.75593
1190.000000	6.74147
1192.000000	6.61873
1194.000000	6.58183
1196.000000	6.62958
1198.000000	6.89875
1200.000000	6.83426
1202.000000	6.69839
1204.000000	6.52625
1206.000000	6.37069
1208.000000	6.47464
1210.000000	6.4975
1212.000000	6.44012
1214.000000	6.21553
1216.000000	6.31169
1218.000000	6.47338
1220.000000	6.42911
1222.000000	6.35328
1224.000000	6.40679
1226.000000	6.32984
1228.000000	6.3436
1230.000000	6.34586
1232.000000	6.28714
1234.000000	6.23897
1236.000000	6.25572
1238.000000	6.29447
1240.000000	6.29008
1242.000000	6.40941
1244.000000	6.40062
1246.000000	6.21771
1248.000000	6.0753
1250.000000	6.07967
1252.000000	6.03705
1254.000000	6.17552
1256.000000	6.01745
1258.000000	5.90958
1260.000000	5.75625
1262.000000	5.76698
1264.000000	6.02098
1266.000000	6.14269
1268.000000	6.27258
1270.000000	6.16855
1272.000000	6.0517
1274.000000	5.73889
1276.000000	5.72456
1278.000000	5.86146
1280.000000	5.93016
1282.000000	5.93442
1284.000000	5.88815
1286.000000	5.73733
1288.000000	5.73478
1290.000000	5.76332
1292.000000	5.54462
1294.000000	5.53236
1296.000000	5.5255
1298.000000	5.65103
1300.000000	5.79821
1302.000000	5.80055
1304.000000	5.91886
1306.000000	5.87772
1308.000000	5.82942
1310.000000	5.68931
1312.000000	5.68023
1314.000000	5.53026
1316.000000	5.36423
1318.000000	5.37831
1320.000000	5.49859
1322.000000	5.63923
1324.000000	5.45031
1326.000000	5.36248
1328.000000	5.35325
1330.000000	5.63259
1332.000000	5.63613
1334.000000	5.49579
1336.000000	5.37415
1338.000000	5.19447
1340.000000	5.30569
1342.000000	5.42907
1344.000000	5.39203
1346.000000	5.22007
1348.000000	5.24571
1350.000000	5.36491
1352.000000	5.39926
1354.000000	5.33302
1356.000000	5.3174
1358.000000	5.16342
1360.000000	5.14106
1362.000000	5.1016
1364.000000	5.20685
1366.000000	5.16877
1368.000000	4.96353
1370.000000	4.89855
1372.000000	4.92776
1374.000000	5.14925
1376.000000	5.19633
1378.000000	5.08285
1380.000000	5.09955
1382.000000	4.95077
1384.000000	5.04747
1386.000000	4.97106
1388.000000	4.78177
1390.000000	4.85887
1392.000000	4.92359
1394.000000	5.04504
1396.000000	5.05958
1398.000000	5.29341
1400.000000	5.34573
1402.000000	5.21676
1404.000000	4.99773
1406.000000	4.87832
1408.000000	4.73101
1410.000000	4.75345
1412.000000	4.72049
1414.000000	4.69448
1416.000000	4.77029
1418.000000	4.92075
1420.000000	4.91544
1422.000000	4.77759
1424.000000	4.70365
1426.000000	4.73588
1428.000000	4.74987
1430.000000	4.69092
1432.000000	4.67661
1434.000000	4.68922
1436.000000	4.63127
1438.000000	4.52655
1440.000000	4.53617
1442.000000	4.6717
1444.000000	4.76269
1446.000000	4.71729
1448.000000	4.58312
1450.000000	4.47856
1452.000000	4.42263
1454.000000	4.40456
1456.000000	4.44089
1458.000000	4.54108
1460.000000	4.64304
1462.000000	4.53135
1464.000000	4.33603
1466.000000	4.14802
1468.000000	4.16413
1470.000000	4.36608
1472.000000	4.51569
1474.000000	4.56308
1476.000000	4.59139
1478.000000	4.56659
1480.000000	4.42787
1482.000000	4.33173
1484.000000	4.25032
1486.000000	4.37314
1488.000000	4.48859
1490.000000	4.44348
1492.000000	4.45266
1494.000000	4.35418
1496.000000	4.31629
1498.000000	4.29449
1500.000000	4.13711
1502.000000	4.02343
1504.000000	3.91336
1506.000000	4.09349
1508.000000	4.10866
1510.000000	4.13827
1512.000000	4.07975
1514.000000	4.11571
1516.000000	4.16992
1518.000000	4.29559
1520.000000	4.32339
1522.000000	4.10769
1524.000000	4.06334
1526.000000	4.12317
1528.000000	4.13038
1530.000000	4.15397
1532.000000	4.14914
1534.000000	4.29157
1536.000000	4.26394
1538.000000	4.08443
1540.000000	3.98088
1542.000000	4.0402
1544.000000	3.98447
1546.000000	4.01692
1548.000000	3.96987
1550.000000	4.31258
1552.000000	4.45978
1554.000000	4.36943
1556.000000	4.23128
1558.000000	4.17534
1560.000000	4.2442
1562.000000	4.3072
1564.000000	4.23983
1566.000000	4.19084
1568.000000	4.11654
1570.000000	3.977
1572.000000	3.94211
1574.000000	4.111
1576.000000	4.19115
1578.000000	4.24291
1580.000000	4.17162
1582.000000	4.20616
1584.000000	4.27729
1586.000000	4.34624
1588.000000	4.38009
1590.000000	4.2755
1592.000000	4.16671
1594.000000	4.17264
1596.000000	4.31465
1598.000000	4.32958
1600.000000	4.2251
1602.000000	4.05034
1604.000000	4.07664
1606.000000	4.10938
1608.000000	4.18552
1610.000000	4.32397
1612.000000	4.37867
1614.000000	4.51741
1616.000000	4.54909
1618.000000	4.5108
1620.000000	4.53405
1622.000000	4.53587
1624.000000	4.59419
1626.000000	4.57174
1628.000000	4.64911
1630.000000	4.61851
1632.000000	4.69509
1634.000000	4.78434
1636.000000	4.82562
1638.000000	5.0334
1640.000000	5.13969
1642.000000	5.19515
1644.000000	5.03315
1646.000000	5.09084
1648.000000	5.24375
1650.000000	5.35659
1652.000000	5.42868
1654.000000	5.39701
1656.000000	5.33074
1658.000000	5.32753
1660.000000	5.18494
1662.000000	5.34336
1664.000000	5.34161
1666.000000	5.30474
1668.000000	4.96685
1670.000000	4.90931
1672.000000	5.02192
1674.000000	5.02348
1676.000000	4.94395
1678.000000	4.76718
1680.000000	4.68505
1682.000000	4.51243
1684.000000	4.40422
1686.000000	4.32579
1688.000000	4.32087
1690.000000	4.24356
1692.000000	4.15881
1694.000000	4.08598
1696.000000	3.998
1698.000000	3.76193
1700.000000	3.66763
1702.000000	3.34166
1704.000000	3.12268
1706.000000	2.81256
1708.000000	2.60195
1710.000000	2.49768
1712.000000	2.4957
1714.000000	2.46274
1716.000000	2.34703
1718.000000	2.21893
1720.000000	2.04678
1722.000000	1.96064
1724.000000	1.82589
1726.000000	1.71094
1728.000000	1.75383
1730.000000	1.80177
1732.000000	1.66742
1734.000000	1.55631
1736.000000	1.19716
1738.000000	1.06327
1740.000000	0.969285
1742.000000	0.956496
1744.000000	0.991952
1746.000000	0.910367
1748.000000	0.91979
1750.000000	0.845353
1752.000000	0.855406
1754.000000	0.747509
1756.000000	0.677937
1758.000000	0.608896
1760.000000	0.611219
1762.000000	0.585368
1764.000000	0.52837
1766.000000	0.481811
1768.000000	0.466507
1770.000000	0.554791
1772.000000	0.585496
1774.000000	0.59721
1776.000000	0.555755
1778.000000	0.471389
1780.000000	0.507985
1782.000000	0.507403
1784.000000	0.487494
1786.000000	0.385407
1788.000000	0.369808
1790.000000	0.383753
1792.000000	0.404109
1794.000000	0.426033
1796.000000	0.40075
1798.000000	0.336138
1800.000000	0.298086
1802.000000	0.285332
1804.000000	0.294142
1806.000000	0.293215
1808.000000	0.328416
1810.000000	0.327818
1812.000000	0.312635
1814.000000	0.253145
1816.000000	0.247778
1818.000000	0.258294
1820.000000	0.258628
1822.000000	0.293736
1824.000000	0.29712
1826.000000	0.299327
1828.000000	0.25372
1830.000000	0.191053
1832.000000	0.154151
1834.000000	0.174611
1836.000000	0.18847
1838.000000	0.216198
1840.000000	0.211887
1842.000000	0.255431
1844.000000	0.277211
1846.000000	0.279201
1848.000000	0.276302
1850.000000	0.266343
1852.000000	0.214334
1854.000000	0.164193
1856.000000	0.126735
1858.000000	0.125621
1860.000000	0.143169
1862.000000	0.175267
1864.000000	0.211678
1866.000000	0.223374
1868.000000	0.207561
1870.000000	0.163892
1872.000000	0.153851
1874.000000	0.147594
1876.000000	0.152706
1878.000000	0.16366
1880.000000	0.156312
1882.000000	0.14013
1884.000000	0.141789
1886.000000	0.159967
1888.000000	0.162338
1890.000000	0.148008
1892.000000	0.126214
1894.000000	0.151435
1896.000000	0.14644
1898.000000	0.168579
1900.000000	0.183947
1902.000000	0.168346
1904.000000	0.159788
1906.000000	0.139735
1908.000000	0.134142
1910.000000	0.103978
1912.000000	0.078969
1914.000000	0.0839173
1916.000000	0.128263
1918.000000	0.149488
1920.000000	0.160239
1922.000000	0.164093
1924.000000	0.167634
1926.000000	0.168734
1928.000000	0.113496
1930.000000	0.114231
1932.000000	0.113464
1934.000000	0.109239
1936.000000	0.0827455
1938.000000	0.0689258
1940.000000	0.0698602
1942.000000	0.0811269
1944.000000	0.0927343
1946.000000	0.113261
1948.000000	0.115821
1950.000000	0.114438
1952.000000	0.117242
1954.000000	0.108679
1956.000000	0.10534
1958.000000	0.110978
1960.000000	0.110922
1962.000000	0.0979206
1964.000000	0.113063
1966.000000	0.104663
1968.000000	0.10025
1970.000000	0.0880689
1972.000000	0.101116
1974.000000	0.0954885
1976.000000	0.0900424
1978.000000	0.0680768
1980.000000	0.0554802
1982.000000	0.0555733
1984.000000	0.0586463
1986.000000	0.0574523
1988.000000	0.0496991
1990.000000	0.0868955
1992.000000	0.105906
1994.000000	0.109405
1996.000000	0.0866617
1998.000000	0.0939871
2000.000000	0.0923989
2002.000000	0.090368
2004.000000	0.0734835
2006.000000	0.0559684
2008.000000	0.0584325
2010.000000	0.073065
2012.000000	0.0908191
2014.000000	0.0909391
2016.000000	0.0690517
2018.000000	0.0820263
2020.000000	0.102381
2022.000000	0.130503
2024.000000	0.121337
2026.000000	0.0976997
2028.000000	0.073665
2030.000000	0.0602301
2032.000000	0.0561898
2034.000000	0.0680503
2036.000000	0.0732547
2038.000000	0.081068
2040.000000	0.0600018
2042.000000	0.068319
2044.000000	0.0658738
2046.000000	0.075251
2048.000000	0.083127
2050.000000	0.0688611
2052.000000	0.065531
2054.000000	0.0898041
2056.000000	0.100454
2058.000000	0.102925
2060.000000	0.0968119
2062.000000	0.0814675
2064.000000	0.0728015
2066.000000	0.0740898
2068.000000	0.0800929
2070.000000	0.0759692
2072.000000	0.0777185
2074.000000	0.0783901
2076.000000	0.0801689
2078.000000	0.0596343
2080.000000	0.0451808
2082.000000	0.0365466
2084.000000	0.0455725
2086.000000	0.0440429
2088.000000	0.0554524
2090.000000	0.0516954
2092.000000	0.0474924
2094.000000	0.0450899
2096.000000	0.0548865
2098.000000	0.0659794
2100.000000	0.0604978
2102.000000	0.039526
2104.000000	0.0381815
2106.000000	0.0469372
2108.000000	0.0592893
2110.000000	0.0462497
2112.000000	0.044316
2114.000000	0.0407203
2116.000000	0.0477459
2118.000000	0.0443246
2120.000000	0.0467879
2122.000000	0.0449275
2124.000000	0.0544791
2126.000000	0.0643922
2128.000000	0.0720397
2130.000000	0.0498661
2132.000000	0.0372694
2134.000000	0.0318993
2136.000000	0.0480383
2138.000000	0.0469572
2140.000000	0.0386519
2142.000000	0.0299924
2144.000000	0.0225959
2146.000000	0.022836
2148.000000	0.0155461
2150.000000	0.00914656
2152.000000	0.000374583
2154.000000	0.0124062
2156.000000	0.0357841
2158.000000	0.0451688
2160.000000	0.0414244
2162.000000	0.0386368
2164.000000	0.040403
2166.000000	0.0459576
2168.000000	0.0463908
2170.000000	0.0416316
2172.000000	0.0418142
2174.000000	0.0260128
2176.000000	0.0348465
2178.000000	0.0320093
2180.000000	0.036333
2182.000000	0.0349825
2184.000000	0.0239701
2186.000000	0.016043
2188.000000	0.0193345
2190.000000	0.0340863
2192.000000	0.0336496
2194.000000	0.0172868
2196.000000	0.0250227
2198.000000	0.049503
2200.000000	0.0529957
2202.000000	0.0450756
2204.000000	0.025232
2206.000000	0.0177828
2208.000000	0.0156628
2210.000000	0.0229087
2212.000000	0.0219503
2214.000000	0.0236028
2216.000000	0.0235331
2218.000000	0.0238708
2220.000000	0.020904
2222.000000	0.0117349
2224.000000	0.00832628
2226.000000	0.0279934
2228.000000	0.0475709
2230.000000	0.0574084
2232.000000	0.0496018
2234.000000	0.0388714
2236.000000	0.0277745
2238.000000	0.0224123
2240.000000	0.0137973
2242.000000	0.0191693
2244.000000	0.0239075
2246.000000	0.031048
2248.000000	0.0238663
2250.000000	0.0186191
2252.000000	0.0190487
2254.000000	0.0190945
2256.000000	0.0300044
2258.000000	0.0398403
2260.000000	0.0314266
2262.000000	0.0127094
2264.000000	0.00606035
2266.000000	0.00777564
2268.000000	0.0170039
2270.000000	0.0207985
2272.000000	0.0216223
2274.000000	0.0169907
2276.000000	0.0170469
2278.000000	0.0141044
2280.000000	0.0120795
2282.000000	0.0116897
2284.000000	0.0168391
2286.000000	0.0195916
2288.000000	0.0279957
2290.000000	0.0270031
2292.000000	0.0223624
2294.000000	0.0185554
2296.000000	0.0191195
2298.000000	0.0142419
2300.000000	0.0124972
2302.000000	0.0164739
2304.000000	0.0202109
2306.000000	0.0208754
2308.000000	0.0171782
2310.000000	0.0124148
2312.000000	0.0088516
2314.000000	0.013116
2316.000000	0.0159145
2318.000000	0.0231505
2320.000000	0.0172315
2322.000000	0.0132063
2324.000000	0.0164763
2326.000000	0.0152226
2328.000000	0.0121812
2330.000000	0.00439147
2332.000000	0.0162584
2334.000000	0.0217107
2336.000000	0.0152609
2338.000000	0.00696671
2340.000000	0.00436167
2342.000000	0.00451824
2344.000000	0.00548745
2346.000000	0.00467843
2348.000000	0.00735321
2350.000000	0.00865363
2352.000000	0.010478
2354.000000	0.0164224
2356.000000	0.0124109
2358.000000	0.0114023
2360.000000	0.0067268
2362.000000	0.00402012
2364.000000	0.00146461
2366.000000	0.00636208
2368.000000	0.0220732
2370.000000	0.0258646
2372.000000	0.0264439
2374.000000	0.017002
2376.000000	0.0132636
2378.000000	0.0167428
2380.000000	0.0227552
2382.000000	0.0144367
2384.000000	0.00800467
2386.000000	0.00511277
2388.000000	0.00467948
2390.000000	0.00593786
2392.000000	0.00621209
2394.000000	0.011406
2396.000000	0.00967575
2398.000000	0.00843833
2400.000000	0.0102627
2402.000000	0.00957416
2404.000000	0.00743823
2406.000000	0.0129053
2408.000000	0.0154493
2410.000000	0.015647
2412.000000	0.0099536
2414.000000	0.00900006
2416.000000	0.00520204
2418.000000	0.00753677
2420.000000	0.00438768
2422.000000	0.00417442
2424.000000	0.00448925
2426.000000	0.00920236
2428.000000	0.0161062
2430.000000	0.0157616
2432.000000	0.0120888
2434.000000	0.00996177
2436.000000	0.00970408
2438.000000	0.00540577
2440.000000	0.0101912
2442.000000	0.0144197
2444.000000	0.0101952
2446.000000	0.00266148
2448.000000	0.00418242
2450.000000	0.00636962
2452.000000	0.00928904
2454.000000	0.00952249
2456.000000	0.0101977
2458.000000	0.00557837
2460.000000	0
2462.000000	0.0049959
2464.000000	0.0119158
2466.000000	0.0165448
2468.000000	0.0132994
2470.000000	0.00918719
2472.000000	0.00969453
2474.000000	0.0165097
2476.000000	0.0129017
2478.000000	0.00872098
2480.000000	0.00466434
2482.000000	0.00467465
2484.000000	0.00470499
2486.000000	0.00574507
2488.000000	0.0144551
2490.000000	0.0140041
2492.000000	0.0101993
2494.000000	0.00452829
2496.000000	0.00434318
2498.000000	0.00439664
2500.000000	0.00446248
2502.000000	0.00896278
2504.000000	0.00954658
2506.000000	0.0101706
2508.000000	0.0125294
2510.000000	0.0140523
2512.000000	0.00886713
2514.000000	0.00320692
2516.000000	0.000497481
2518.000000	0.0115457
2520.000000	0.0134711
2522.000000	0.0141935
2524.000000	0.0100082
2526.000000	0.00867825
2528.000000	0.0036154
2530.000000	0
2532.000000	0
2534.000000	0
2536.000000	0.00836484
2538.000000	0.0124804
2540.000000	0.00992898
2542.000000	0
2544.000000	0.0029487
2546.000000	0.0101759
2548.000000	0.0118986
2550.000000	0.00664687
2552.000000	0.00288867
2554.000000	0.00975444
2556.000000	0.0104632
2558.000000	0.0068079
2560.000000	0
2562.000000	0
2564.000000	0
2566.000000	0.00213685
2568.000000	0.006104
2570.000000	0.0102615
2572.000000	0.0249822
2574.000000	0.0352224
2576.000000	0.0338491
2578.000000	0.0154934
2580.000000	0.00325582
2582.000000	0
2584.000000	0
2586.000000	0.00196258
2588.000000	0.00446248
2590.000000	0.00446003
2592.000000	0.00603993
2594.000000	0.0061709
2596.000000	0.00613282
2598.000000	0.00609803
2600.000000	0.0061052
2602.000000	0.0104888
2604.000000	0.0138829
2606.000000	0.0201036
2608.000000	0.0164948
2610.000000	0.00925806
2612.000000	0.0116863
2614.000000	0.013579
2616.000000	0.00810702
2618.000000	0.00420302
2620.000000	0.00458035
2622.000000	0.00747751
2624.000000	0.00773771
2626.000000	0.00437443
2628.000000	0
2630.000000	0
2632.000000	0
2634.000000	0.00450274
2636.000000	0.00627017
2638.000000	0.0051747
2640.000000	0
2642.000000	0
2644.000000	0
2646.000000	0.00278549
2648.000000	0.00538793
2650.000000	0.00551539
2652.000000	0.00186706
2654.000000	0
2656.000000	0
2658.000000	0
2660.000000	0
2662.000000	0
2664.000000	0
2666.000000	0.00181218
2668.000000	0.00450235
2670.000000	0.00488749
2672.000000	0.00267659
2674.000000	0
2676.000000	0.0029487
2678.000000	0.00567313
2680.000000	0.00562843
2682.000000	0.00147217
2684.000000	0
2686.000000	0
2688.000000	0.00509209
2690.000000	0.00822194
2692.000000	0.0103004
2694.000000	0.00551539
2696.000000	0.00345093
2698.000000	0.00399796
2700.000000	0.00398555
2702.000000	0.0039852
2704.000000	0.000220421
2706.000000	0.000818248
2708.000000	0.00351968
2710.000000	0.00331231
2712.000000	0.00345032
2714.000000	0.00115182
2716.000000	0.00540619
2718.000000	0.00849763
2720.000000	0.0147563
2722.000000	0.015552
2724.000000	0.0101558
2726.000000	0.0060536
2728.000000	0.00633817
2730.000000	0.00883844
2732.000000	0.00880615
2734.000000	0.00539649
2736.000000	0.00462764
2738.000000	0.00468195
2740.000000	0.0065571
2742.000000	0.00547859
2744.000000	0.00803092
2746.000000	0.00513322
2748.000000	0.0040044
2750.000000	0.00309805
2752.000000	0
2754.000000	0
2756.000000	0
2758.000000	0
2760.000000	0.00146461
2762.000000	0.00636208
2764.000000	0.00638971
2766.000000	0.00183451
2768.000000	0
2770.000000	0.0051372
2772.000000	0.0116753
2774.000000	0.0117015
2776.000000	0.00290431
2778.000000	0
2780.000000	0
2782.000000	0
2784.000000	0
2786.000000	0
2788.000000	0
2790.000000	0
2792.000000	0.00377069
2794.000000	0.00390779
2796.000000	0.00353278
2798.000000	0.00176639
2800.000000	0
2802.000000	0
2804.000000	0
2806.000000	0
2808.000000	0
2810.000000	0
2812.000000	0
2814.000000	0
2816.000000	0
2818.000000	0
2820.000000	0
2822.000000	0
2824.000000	0
2826.000000	0
2828.000000	0
2830.000000	0
2832.000000	0
2834.000000	0
2836.000000	0
2838.000000	0
2840.000000	0.000722956
2842.000000	0.00387487
2844.000000	0.00400921
2846.000000	0.00424786
2848.000000	0.00432455
2850.000000	0.0043946
2852.000000	0.00917227
2854.000000	0.0100164
2856.000000	0.0112374
2858.000000	0.00937541
2860.000000	0.00557766
2862.000000	0.00557696
2864.000000	0.00038736
2866.000000	0
2868.000000	0
2870.000000	0.00365814
2872.000000	0.00453033
2874.000000	0.00448318
2876.000000	0.00210484
2878.000000	0.00605496
2880.000000	0.00606035
2882.000000	0.00390753
2884.000000	0
2886.000000	0
2888.000000	0
2890.000000	0.00146918
2892.000000	0.00567419
2894.000000	0.00574194
2896.000000	0.00276646
2898.000000	0
2900.000000	0
2902.000000	0
2904.000000	0
2906.000000	0
2908.000000	0
2910.000000	0
2912.000000	0.000497481
2914.000000	0.00975229
2916.000000	0.0143202
2918.000000	0.0151024
2920.000000	0.00676303
2922.000000	0
2924.000000	0
2926.000000	0.00106487
2928.000000	0.00385739
2930.000000	0.00360264
2932.000000	0.0037285
2934.000000	0.000255996
2936.000000	0
2938.000000	0
2940.000000	0
2942.000000	0
2944.000000	0.00365121
2946.000000	0.00404096
2948.000000	0.00407883
2950.000000	0.00196115
2952.000000	0.0101842
2954.000000	0.0126329
2956.000000	0.0158946
2958.000000	0.00618781
2960.000000	0.00204577
2962.000000	0
2964.000000	0
2966.000000	0
2968.000000	0
2970.000000	0.00336405
2972.000000	0.00415559
2974.000000	0.00389178
2976.000000	0.00158596
2978.000000	0
2980.000000	0
2982.000000	0
2984.000000	0
2986.000000	0
2988.000000	0
2990.000000	0
2992.000000	0
2994.000000	0
2996.000000	0
2998.000000	0
3000.000000	0
3002.000000	0
3004.000000	0
3006.000000	0
3008.000000	0
3010.000000	0
3012.000000	0
3014.000000	0
3016.000000	0
3018.000000	0.00751123
3020.000000	0.00958108
3022.000000	0.00725626
3024.000000	0.00300257
3026.000000	0
3028.000000	0.00239926
3030.000000	0.00405107
3032.000000	0.00403858
3034.000000	0.00404988
3036.000000	0.00633817
3038.000000	0.00883844
3040.000000	0.00880615
3042.000000	0.0052379
3044.000000	0.00436167
3046.000000	0.00451824
3048.000000	0.00371433
3050.000000	0
3052.000000	0.00390982
3054.000000	0.00467465
3056.000000	0.0123998
3058.000000	0.0104218
3060.000000	0.0112655
3062.000000	0.00621552
3064.000000	0.00345032
3066.000000	0.00249158
3068.000000	0.0079395
3070.000000	0.0106055
3072.000000	0.0167426
3074.000000	0.0145658
3076.000000	0.00913946
3078.000000	0.00147217
3080.000000	0
3082.000000	0
3084.000000	0
3086.000000	0.00278549
3088.000000	0.00538793
3090.000000	0.00917353
3092.000000	0.0105166
3094.000000	0.0106312
3096.000000	0.00798566
3098.000000	0
3100.000000	0
3102.000000	0
3104.000000	0
3106.000000	0
3108.000000	0.00241964
3110.000000	0.00423064
3112.000000	0.00542482
3114.000000	0.00849967
3116.000000	0.0147372
3118.000000	0.0193826
3120.000000	0.0134322
3122.000000	0.0051747
3124.000000	0.00476357
3126.000000	0.00993282
3128.000000	0.00986123
3130.000000	0.00512021
3132.000000	0
3134.000000	0
3136.000000	0.00364562
3138.000000	0.00547859
3140.000000	0.00535607
3142.000000	0.00116298
3144.000000	0
3146.000000	0.0023335
3148.000000	0.0122143
3150.000000	0.0185399
3152.000000	0.0137095
3154.000000	0.00816928
3156.000000	0.00375824
3158.000000	0.00410303
3160.000000	0.00408047
3162.000000	0.00406698
3164.000000	0.000374583
3166.000000	0
3168.000000	0
3170.000000	0
3172.000000	0
3174.000000	0.00175997
3176.000000	0.00606962
3178.000000	0.00618781
3180.000000	0.00204577
3182.000000	0
3184.000000	0
3186.000000	0
3188.000000	0
3190.000000	0.00317846
3192.000000	0.0114627
3194.000000	0.0181482
3196.000000	0.0131401
3198.000000	0.00725626
3200.000000	0.00300257
3202.000000	0
3204.000000	0
3206.000000	0
3208.000000	0
3210.000000	0
3212.000000	0
3214.000000	0
3216.000000	0
3218.000000	0.00557097
3220.000000	0.0107759
3222.000000	0.0110308
3224.000000	0.00550725
3226.000000	0.00467843
3228.000000	0.00467836
3230.000000	0.00332721
3232.000000	0.00413073
3234.000000	0.00590899
3236.000000	0.00538439
3238.000000	3.9815e-005
3240.000000	0
3242.000000	0.00370476
3244.000000	0.00554121
3246.000000	0.0104813
3248.000000	0.0080681
3250.000000	0.00183451
3252.000000	0
3254.000000	0
3256.000000	0
3258.000000	0
3260.000000	0
3262.000000	0.00175997
3264.000000	0.00606962
3266.000000	0.00618781
3268.000000	0.00362964
3270.000000	0.00399796
3272.000000	0.00398555
3274.000000	0.0039852
3276.000000	0.000220421
3278.000000	0.00336405
3280.000000	0.00415559
3282.000000	0.00389178
3284.000000	0.00158596
3286.000000	0
3288.000000	0
3290.000000	0
3292.000000	0.00469068
3294.000000	0.00488428
3296.000000	0.00861847
3298.000000	0.00412467
3300.000000	0.0069675
3302.000000	0.00634526
3304.000000	0.0094501
3306.000000	0.00790635
3308.000000	0.0049125
3310.000000	0
3312.000000	0
3314.000000	0.00213685
3316.000000	0.006104
3318.000000	0.00608807
3320.000000	0.00191763
3322.000000	0.00336405
3324.000000	0.00834793
3326.000000	0.00832172
3328.000000	0.00610985
3330.000000	0.00176683
3332.000000	0.00675584
3334.000000	0.00984497
3336.000000	0.00684694
3338.000000	0.0117012
3340.000000	0.0119999
3342.000000	0.018
3344.000000	0.0274122
3346.000000	0.0193276
3348.000000	0.0118907
3350.000000	0.00640942
3352.000000	0.00950488
3354.000000	0.0146767
3356.000000	0.0129633
3358.000000	0.00873815
3360.000000	0.00197714
3362.000000	0
3364.000000	0
3366.000000	0
3368.000000	0
3370.000000	0.00488883
3372.000000	0.00514084
3374.000000	0.00414955
3376.000000	0.00578915
3378.000000	0.0158846
3380.000000	0.0165874
3382.000000	0.00741288
3384.000000	0
3386.000000	0
3388.000000	0
3390.000000	0.00537034
3392.000000	0.0132697
3394.000000	0.0165048
3396.000000	0.0122076
3398.000000	0.00019358
3400.000000	0.00158387
3402.000000	0.00399796
3404.000000	0.00398555
3406.000000	0.0039852
3408.000000	0.00399111
3410.000000	0.00390779
3412.000000	0.00425574
3414.000000	0.0110042
3416.000000	0.00987663
3418.000000	0.00886941
3420.000000	0.00567419
3422.000000	0.00574194
3424.000000	0.00276646
3426.000000	0
3428.000000	0
3430.000000	0
3432.000000	0.0018749
3434.000000	0.00554872
3436.000000	0.00550322
3438.000000	0.00265031
3440.000000	0
3442.000000	0
3444.000000	0
3446.000000	0
3448.000000	0.00390982
3450.000000	0.00467465
3452.000000	0.0085524
3454.000000	0.00647379
3456.000000	0.0077303
3458.000000	0.00505424
3460.000000	0.0037285
3462.000000	0.000255996
3464.000000	0
3466.000000	0
3468.000000	0.0029487
3470.000000	0.00567313
3472.000000	0.00927964
3474.000000	0.00551314
3476.000000	0.00407883
3478.000000	0.00196115
3480.000000	0
3482.000000	0
3484.000000	0
3486.000000	0
3488.000000	0
3490.000000	0
3492.000000	0.0001277
3494.000000	0.00605496
3496.000000	0.00606035
3498.000000	0.00591706
3500.000000	0.00830317
3502.000000	0.0086809
3504.000000	0.00915327
3506.000000	0.00355936
3508.000000	0.0103527
3510.000000	0.0138242
3512.000000	0.00989999
3514.000000	0.00330736
3516.000000	0
3518.000000	0
3520.000000	0
3522.000000	0
3524.000000	0
3526.000000	0
3528.000000	0
3530.000000	0
3532.000000	0
3534.000000	0
3536.000000	0
3538.000000	0
3540.000000	0.00488924
3542.000000	0.00517612
3544.000000	0.00515372
3546.000000	0.00290947
3548.000000	0
3550.000000	0
3552.000000	0
3554.000000	0
3556.000000	0
3558.000000	0.00686667
3560.000000	0.00796441
3562.000000	0.00787711
3564.000000	0.0108518
3566.000000	0.017032
3568.000000	0.0167999
3570.000000	0.00935289
3572.000000	0
3574.000000	0
3576.000000	0.00317137
3578.000000	0.008366
3580.000000	0.00836259
3582.000000	0.00593976
3584.000000	0
3586.000000	0
3588.000000	0
3590.000000	0
3592.000000	0
3594.000000	0
3596.000000	0
3598.000000	0
3600.000000	0.00668131
3602.000000	0.0219012
3604.000000	0.0235574
3606.000000	0.0209878
3608.000000	0.00414642
3610.000000	0
3612.000000	0
3614.000000	0
3616.000000	0
3618.000000	0
3620.000000	0
3622.000000	0
3624.000000	0
3626.000000	0
3628.000000	0
3630.000000	0
3632.000000	0
3634.000000	0
3636.000000	0
3638.000000	0
3640.000000	0
3642.000000	0
3644.000000	0
3646.000000	0
3648.000000	0
3650.000000	0
3652.000000	0
3654.000000	0
3656.000000	0
3658.000000	0
3660.000000	0
3662.000000	0
3664.000000	0
3666.000000	0
3668.000000	0
3670.000000	0
3672.000000	0
3674.000000	0
3676.000000	0
3678.000000	0
3680.000000	0
3682.000000	0
