Region	Enabled	DataFlag	Start	End	Step	Sweeps	Dwell	Mode	CAE/CRR	Mag	Divide by Ten	Notes	Function	Line-Style	Point-Style	Sweeps-Acquired
1	true	Original	1400.0	0.0	-0.5	1	0.200	CAE	50.00	High	false		7 Channel Acquisition			1
Layer	Enabled	DataFlag	Notes	Formula	Line-Style	Point-Style
1	True		Ch(1)+Ch(2)+Ch(3)+Ch(4)+Ch(5)+Ch(6)+Ch(7)		
Energy	Counts
1400.0	379
1399.5	360
1399.0	377
1398.5	369
1398.0	367
1397.5	335
1397.0	327
1396.5	353
1396.0	372
1395.5	346
1395.0	342
1394.5	318
1394.0	342
1393.5	337
1393.0	352
1392.5	353
1392.0	338
1391.5	333
1391.0	330
1390.5	317
1390.0	331
1389.5	325
1389.0	318
1388.5	321
1388.0	318
1387.5	335
1387.0	334
1386.5	321
1386.0	314
1385.5	311
1385.0	328
1384.5	313
1384.0	313
1383.5	320
1383.0	320
1382.5	307
1382.0	274
1381.5	305
1381.0	288
1380.5	287
1380.0	275
1379.5	279
1379.0	281
1378.5	300
1378.0	301
1377.5	308
1377.0	269
1376.5	265
1376.0	280
1375.5	298
1375.0	281
1374.5	268
1374.0	275
1373.5	266
1373.0	285
1372.5	276
1372.0	290
1371.5	290
1371.0	259
1370.5	287
1370.0	256
1369.5	270
1369.0	261
1368.5	245
1368.0	243
1367.5	258
1367.0	242
1366.5	263
1366.0	273
1365.5	268
1365.0	237
1364.5	255
1364.0	259
1363.5	255
1363.0	255
1362.5	255
1362.0	250
1361.5	248
1361.0	242
1360.5	249
1360.0	248
1359.5	278
1359.0	228
1358.5	226
1358.0	238
1357.5	236
1357.0	228
1356.5	259
1356.0	245
1355.5	227
1355.0	229
1354.5	240
1354.0	221
1353.5	234
1353.0	215
1352.5	243
1352.0	234
1351.5	238
1351.0	252
1350.5	222
1350.0	211
1349.5	241
1349.0	239
1348.5	259
1348.0	237
1347.5	219
1347.0	227
1346.5	249
1346.0	245
1345.5	214
1345.0	220
1344.5	233
1344.0	225
1343.5	209
1343.0	237
1342.5	222
1342.0	195
1341.5	181
1341.0	222
1340.5	228
1340.0	227
1339.5	240
1339.0	223
1338.5	213
1338.0	213
1337.5	221
1337.0	231
1336.5	220
1336.0	259
1335.5	245
1335.0	220
1334.5	224
1334.0	229
1333.5	217
1333.0	231
1332.5	240
1332.0	223
1331.5	231
1331.0	248
1330.5	226
1330.0	228
1329.5	233
1329.0	195
1328.5	208
1328.0	221
1327.5	212
1327.0	213
1326.5	216
1326.0	215
1325.5	236
1325.0	226
1324.5	198
1324.0	210
1323.5	210
1323.0	198
1322.5	224
1322.0	226
1321.5	229
1321.0	195
1320.5	185
1320.0	190
1319.5	193
1319.0	242
1318.5	219
1318.0	202
1317.5	204
1317.0	196
1316.5	215
1316.0	210
1315.5	215
1315.0	191
1314.5	225
1314.0	217
1313.5	212
1313.0	217
1312.5	191
1312.0	203
1311.5	196
1311.0	192
1310.5	222
1310.0	220
1309.5	191
1309.0	204
1308.5	186
1308.0	198
1307.5	202
1307.0	212
1306.5	222
1306.0	205
1305.5	212
1305.0	206
1304.5	223
1304.0	199
1303.5	218
1303.0	204
1302.5	226
1302.0	206
1301.5	225
1301.0	204
1300.5	211
1300.0	204
1299.5	190
1299.0	214
1298.5	228
1298.0	200
1297.5	187
1297.0	181
1296.5	214
1296.0	233
1295.5	193
1295.0	217
1294.5	207
1294.0	197
1293.5	205
1293.0	217
1292.5	219
1292.0	203
1291.5	191
1291.0	223
1290.5	208
1290.0	191
1289.5	188
1289.0	201
1288.5	220
1288.0	197
1287.5	207
1287.0	205
1286.5	205
1286.0	211
1285.5	202
1285.0	214
1284.5	213
1284.0	217
1283.5	215
1283.0	192
1282.5	202
1282.0	205
1281.5	210
1281.0	223
1280.5	238
1280.0	198
1279.5	197
1279.0	219
1278.5	218
1278.0	225
1277.5	210
1277.0	208
1276.5	195
1276.0	218
1275.5	190
1275.0	205
1274.5	196
1274.0	220
1273.5	222
1273.0	219
1272.5	197
1272.0	203
1271.5	200
1271.0	217
1270.5	199
1270.0	210
1269.5	222
1269.0	228
1268.5	234
1268.0	208
1267.5	193
1267.0	203
1266.5	247
1266.0	214
1265.5	216
1265.0	224
1264.5	212
1264.0	214
1263.5	216
1263.0	198
1262.5	216
1262.0	217
1261.5	209
1261.0	196
1260.5	196
1260.0	198
1259.5	204
1259.0	213
1258.5	198
1258.0	204
1257.5	188
1257.0	214
1256.5	239
1256.0	210
1255.5	225
1255.0	235
1254.5	194
1254.0	202
1253.5	229
1253.0	223
1252.5	225
1252.0	212
1251.5	210
1251.0	207
1250.5	206
1250.0	227
1249.5	222
1249.0	205
1248.5	239
1248.0	210
1247.5	233
1247.0	208
1246.5	205
1246.0	208
1245.5	235
1245.0	233
1244.5	212
1244.0	231
1243.5	221
1243.0	236
1242.5	229
1242.0	212
1241.5	236
1241.0	205
1240.5	207
1240.0	237
1239.5	223
1239.0	222
1238.5	219
1238.0	226
1237.5	226
1237.0	232
1236.5	218
1236.0	225
1235.5	244
1235.0	217
1234.5	242
1234.0	238
1233.5	193
1233.0	236
1232.5	250
1232.0	224
1231.5	207
1231.0	249
1230.5	222
1230.0	225
1229.5	225
1229.0	229
1228.5	237
1228.0	213
1227.5	210
1227.0	233
1226.5	237
1226.0	241
1225.5	251
1225.0	215
1224.5	249
1224.0	276
1223.5	253
1223.0	232
1222.5	230
1222.0	211
1221.5	235
1221.0	228
1220.5	238
1220.0	232
1219.5	240
1219.0	227
1218.5	224
1218.0	241
1217.5	218
1217.0	206
1216.5	218
1216.0	222
1215.5	231
1215.0	222
1214.5	237
1214.0	247
1213.5	269
1213.0	233
1212.5	244
1212.0	245
1211.5	226
1211.0	231
1210.5	233
1210.0	227
1209.5	225
1209.0	236
1208.5	247
1208.0	249
1207.5	245
1207.0	250
1206.5	232
1206.0	240
1205.5	244
1205.0	235
1204.5	219
1204.0	241
1203.5	221
1203.0	215
1202.5	221
1202.0	262
1201.5	226
1201.0	242
1200.5	245
1200.0	256
1199.5	240
1199.0	248
1198.5	231
1198.0	241
1197.5	249
1197.0	232
1196.5	224
1196.0	242
1195.5	236
1195.0	258
1194.5	237
1194.0	262
1193.5	262
1193.0	247
1192.5	255
1192.0	254
1191.5	258
1191.0	249
1190.5	250
1190.0	244
1189.5	232
1189.0	232
1188.5	231
1188.0	261
1187.5	243
1187.0	229
1186.5	260
1186.0	264
1185.5	256
1185.0	261
1184.5	255
1184.0	263
1183.5	242
1183.0	270
1182.5	250
1182.0	247
1181.5	249
1181.0	262
1180.5	277
1180.0	251
1179.5	235
1179.0	248
1178.5	236
1178.0	271
1177.5	253
1177.0	274
1176.5	253
1176.0	243
1175.5	283
1175.0	254
1174.5	250
1174.0	260
1173.5	262
1173.0	244
1172.5	277
1172.0	243
1171.5	271
1171.0	275
1170.5	245
1170.0	261
1169.5	284
1169.0	285
1168.5	254
1168.0	259
1167.5	253
1167.0	281
1166.5	276
1166.0	268
1165.5	269
1165.0	282
1164.5	278
1164.0	248
1163.5	254
1163.0	260
1162.5	265
1162.0	254
1161.5	270
1161.0	273
1160.5	283
1160.0	287
1159.5	292
1159.0	235
1158.5	249
1158.0	270
1157.5	284
1157.0	279
1156.5	279
1156.0	266
1155.5	282
1155.0	261
1154.5	276
1154.0	257
1153.5	276
1153.0	260
1152.5	253
1152.0	270
1151.5	273
1151.0	273
1150.5	256
1150.0	287
1149.5	286
1149.0	277
1148.5	251
1148.0	282
1147.5	296
1147.0	282
1146.5	268
1146.0	264
1145.5	275
1145.0	295
1144.5	291
1144.0	291
1143.5	282
1143.0	292
1142.5	288
1142.0	272
1141.5	277
1141.0	274
1140.5	241
1140.0	265
1139.5	271
1139.0	269
1138.5	274
1138.0	269
1137.5	293
1137.0	269
1136.5	285
1136.0	287
1135.5	267
1135.0	271
1134.5	298
1134.0	284
1133.5	282
1133.0	293
1132.5	268
1132.0	262
1131.5	278
1131.0	275
1130.5	284
1130.0	276
1129.5	245
1129.0	253
1128.5	285
1128.0	276
1127.5	306
1127.0	295
1126.5	283
1126.0	286
1125.5	292
1125.0	252
1124.5	282
1124.0	271
1123.5	284
1123.0	288
1122.5	269
1122.0	284
1121.5	310
1121.0	306
1120.5	308
1120.0	289
1119.5	278
1119.0	297
1118.5	317
1118.0	288
1117.5	302
1117.0	314
1116.5	325
1116.0	302
1115.5	297
1115.0	315
1114.5	315
1114.0	275
1113.5	299
1113.0	313
1112.5	301
1112.0	311
1111.5	285
1111.0	286
1110.5	300
1110.0	271
1109.5	275
1109.0	277
1108.5	304
1108.0	293
1107.5	310
1107.0	276
1106.5	300
1106.0	280
1105.5	299
1105.0	293
1104.5	277
1104.0	298
1103.5	307
1103.0	288
1102.5	312
1102.0	285
1101.5	293
1101.0	299
1100.5	325
1100.0	291
1099.5	302
1099.0	310
1098.5	308
1098.0	296
1097.5	307
1097.0	289
1096.5	292
1096.0	289
1095.5	278
1095.0	324
1094.5	292
1094.0	278
1093.5	293
1093.0	290
1092.5	295
1092.0	305
1091.5	310
1091.0	311
1090.5	314
1090.0	327
1089.5	284
1089.0	306
1088.5	302
1088.0	300
1087.5	329
1087.0	320
1086.5	319
1086.0	339
1085.5	323
1085.0	308
1084.5	294
1084.0	322
1083.5	292
1083.0	304
1082.5	298
1082.0	300
1081.5	308
1081.0	329
1080.5	319
1080.0	336
1079.5	290
1079.0	299
1078.5	287
1078.0	302
1077.5	288
1077.0	323
1076.5	301
1076.0	286
1075.5	308
1075.0	304
1074.5	312
1074.0	319
1073.5	353
1073.0	365
1072.5	348
1072.0	369
1071.5	346
1071.0	342
1070.5	302
1070.0	314
1069.5	314
1069.0	320
1068.5	310
1068.0	308
1067.5	315
1067.0	343
1066.5	312
1066.0	312
1065.5	311
1065.0	306
1064.5	323
1064.0	334
1063.5	304
1063.0	320
1062.5	299
1062.0	300
1061.5	321
1061.0	334
1060.5	327
1060.0	313
1059.5	312
1059.0	318
1058.5	304
1058.0	328
1057.5	335
1057.0	332
1056.5	318
1056.0	324
1055.5	286
1055.0	285
1054.5	309
1054.0	305
1053.5	319
1053.0	336
1052.5	315
1052.0	292
1051.5	330
1051.0	312
1050.5	349
1050.0	327
1049.5	338
1049.0	306
1048.5	320
1048.0	319
1047.5	329
1047.0	318
1046.5	340
1046.0	351
1045.5	343
1045.0	324
1044.5	333
1044.0	330
1043.5	326
1043.0	308
1042.5	306
1042.0	337
1041.5	327
1041.0	338
1040.5	322
1040.0	339
1039.5	348
1039.0	351
1038.5	380
1038.0	370
1037.5	331
1037.0	317
1036.5	301
1036.0	316
1035.5	331
1035.0	343
1034.5	329
1034.0	343
1033.5	331
1033.0	345
1032.5	353
1032.0	346
1031.5	369
1031.0	348
1030.5	339
1030.0	348
1029.5	332
1029.0	329
1028.5	363
1028.0	345
1027.5	340
1027.0	365
1026.5	357
1026.0	334
1025.5	347
1025.0	346
1024.5	362
1024.0	384
1023.5	368
1023.0	404
1022.5	414
1022.0	369
1021.5	355
1021.0	366
1020.5	369
1020.0	384
1019.5	365
1019.0	348
1018.5	363
1018.0	373
1017.5	373
1017.0	361
1016.5	350
1016.0	363
1015.5	339
1015.0	366
1014.5	364
1014.0	352
1013.5	356
1013.0	329
1012.5	325
1012.0	345
1011.5	395
1011.0	379
1010.5	367
1010.0	355
1009.5	342
1009.0	369
1008.5	370
1008.0	362
1007.5	369
1007.0	387
1006.5	369
1006.0	369
1005.5	372
1005.0	393
1004.5	396
1004.0	354
1003.5	383
1003.0	390
1002.5	414
1002.0	386
1001.5	404
1001.0	387
1000.5	413
1000.0	378
999.5	385
999.0	350
998.5	370
998.0	340
997.5	347
997.0	337
996.5	370
996.0	385
995.5	386
995.0	353
994.5	358
994.0	384
993.5	316
993.0	315
992.5	321
992.0	325
991.5	308
991.0	318
990.5	333
990.0	344
989.5	349
989.0	317
988.5	337
988.0	359
987.5	343
987.0	334
986.5	369
986.0	349
985.5	394
985.0	376
984.5	406
984.0	454
983.5	427
983.0	443
982.5	444
982.0	495
981.5	493
981.0	530
980.5	505
980.0	510
979.5	538
979.0	483
978.5	423
978.0	422
977.5	381
977.0	367
976.5	350
976.0	329
975.5	314
975.0	326
974.5	317
974.0	331
973.5	286
973.0	315
972.5	292
972.0	274
971.5	287
971.0	255
970.5	224
970.0	255
969.5	260
969.0	235
968.5	225
968.0	225
967.5	205
967.0	222
966.5	232
966.0	207
965.5	203
965.0	211
964.5	192
964.0	207
963.5	210
963.0	218
962.5	204
962.0	206
961.5	217
961.0	221
960.5	216
960.0	232
959.5	211
959.0	222
958.5	211
958.0	202
957.5	209
957.0	234
956.5	204
956.0	212
955.5	231
955.0	245
954.5	231
954.0	208
953.5	214
953.0	211
952.5	215
952.0	211
951.5	196
951.0	217
950.5	208
950.0	219
949.5	201
949.0	215
948.5	210
948.0	188
947.5	210
947.0	217
946.5	225
946.0	201
945.5	206
945.0	221
944.5	229
944.0	227
943.5	223
943.0	233
942.5	216
942.0	230
941.5	228
941.0	200
940.5	213
940.0	205
939.5	199
939.0	189
938.5	219
938.0	220
937.5	215
937.0	221
936.5	214
936.0	183
935.5	197
935.0	212
934.5	212
934.0	230
933.5	217
933.0	225
932.5	216
932.0	197
931.5	178
931.0	211
930.5	201
930.0	207
929.5	218
929.0	207
928.5	176
928.0	195
927.5	204
927.0	204
926.5	207
926.0	202
925.5	229
925.0	212
924.5	197
924.0	213
923.5	212
923.0	205
922.5	232
922.0	226
921.5	229
921.0	208
920.5	215
920.0	219
919.5	221
919.0	227
918.5	207
918.0	201
917.5	210
917.0	214
916.5	223
916.0	219
915.5	206
915.0	192
914.5	185
914.0	230
913.5	207
913.0	224
912.5	185
912.0	218
911.5	220
911.0	195
910.5	200
910.0	225
909.5	225
909.0	220
908.5	234
908.0	207
907.5	222
907.0	216
906.5	222
906.0	228
905.5	216
905.0	222
904.5	210
904.0	220
903.5	209
903.0	227
902.5	197
902.0	224
901.5	237
901.0	235
900.5	249
900.0	239
899.5	245
899.0	234
898.5	241
898.0	223
897.5	257
897.0	258
896.5	223
896.0	236
895.5	230
895.0	234
894.5	239
894.0	255
893.5	244
893.0	215
892.5	249
892.0	224
891.5	240
891.0	272
890.5	235
890.0	223
889.5	254
889.0	250
888.5	256
888.0	259
887.5	266
887.0	210
886.5	237
886.0	223
885.5	251
885.0	226
884.5	230
884.0	232
883.5	242
883.0	242
882.5	234
882.0	230
881.5	233
881.0	262
880.5	250
880.0	220
879.5	241
879.0	237
878.5	220
878.0	233
877.5	240
877.0	245
876.5	249
876.0	246
875.5	250
875.0	234
874.5	244
874.0	256
873.5	251
873.0	250
872.5	241
872.0	232
871.5	239
871.0	244
870.5	237
870.0	252
869.5	257
869.0	209
868.5	224
868.0	225
867.5	233
867.0	252
866.5	231
866.0	225
865.5	211
865.0	251
864.5	224
864.0	220
863.5	217
863.0	228
862.5	211
862.0	208
861.5	201
861.0	221
860.5	221
860.0	228
859.5	235
859.0	241
858.5	251
858.0	248
857.5	243
857.0	250
856.5	237
856.0	230
855.5	254
855.0	273
854.5	286
854.0	303
853.5	297
853.0	263
852.5	224
852.0	228
851.5	207
851.0	208
850.5	215
850.0	213
849.5	202
849.0	188
848.5	191
848.0	206
847.5	228
847.0	209
846.5	191
846.0	211
845.5	198
845.0	202
844.5	200
844.0	202
843.5	198
843.0	193
842.5	189
842.0	205
841.5	179
841.0	209
840.5	191
840.0	216
839.5	209
839.0	203
838.5	210
838.0	209
837.5	194
837.0	211
836.5	233
836.0	222
835.5	201
835.0	208
834.5	197
834.0	182
833.5	208
833.0	224
832.5	213
832.0	201
831.5	184
831.0	196
830.5	218
830.0	212
829.5	208
829.0	212
828.5	228
828.0	221
827.5	203
827.0	195
826.5	214
826.0	190
825.5	201
825.0	188
824.5	206
824.0	225
823.5	204
823.0	197
822.5	187
822.0	202
821.5	219
821.0	191
820.5	193
820.0	190
819.5	200
819.0	210
818.5	202
818.0	186
817.5	220
817.0	193
816.5	195
816.0	202
815.5	197
815.0	195
814.5	220
814.0	201
813.5	186
813.0	191
812.5	195
812.0	184
811.5	194
811.0	190
810.5	197
810.0	174
809.5	224
809.0	196
808.5	216
808.0	184
807.5	225
807.0	212
806.5	207
806.0	177
805.5	176
805.0	203
804.5	185
804.0	201
803.5	195
803.0	200
802.5	203
802.0	204
801.5	194
801.0	199
800.5	204
800.0	204
799.5	202
799.0	220
798.5	218
798.0	175
797.5	224
797.0	221
796.5	190
796.0	189
795.5	179
795.0	185
794.5	200
794.0	202
793.5	186
793.0	195
792.5	192
792.0	200
791.5	211
791.0	215
790.5	205
790.0	196
789.5	185
789.0	227
788.5	187
788.0	197
787.5	181
787.0	226
786.5	224
786.0	206
785.5	202
785.0	215
784.5	228
784.0	192
783.5	209
783.0	216
782.5	190
782.0	192
781.5	204
781.0	191
780.5	211
780.0	196
779.5	196
779.0	211
778.5	183
778.0	213
777.5	204
777.0	211
776.5	212
776.0	211
775.5	205
775.0	193
774.5	200
774.0	196
773.5	195
773.0	204
772.5	224
772.0	192
771.5	190
771.0	176
770.5	189
770.0	221
769.5	199
769.0	211
768.5	208
768.0	195
767.5	208
767.0	190
766.5	199
766.0	211
765.5	198
765.0	197
764.5	186
764.0	194
763.5	201
763.0	190
762.5	177
762.0	190
761.5	172
761.0	173
760.5	209
760.0	211
759.5	214
759.0	195
758.5	202
758.0	197
757.5	187
757.0	189
756.5	203
756.0	191
755.5	197
755.0	205
754.5	225
754.0	199
753.5	199
753.0	210
752.5	215
752.0	215
751.5	202
751.0	203
750.5	196
750.0	184
749.5	191
749.0	210
748.5	179
748.0	187
747.5	173
747.0	203
746.5	199
746.0	181
745.5	188
745.0	198
744.5	177
744.0	174
743.5	207
743.0	191
742.5	196
742.0	195
741.5	190
741.0	202
740.5	203
740.0	215
739.5	207
739.0	191
738.5	192
738.0	209
737.5	190
737.0	188
736.5	201
736.0	208
735.5	212
735.0	189
734.5	209
734.0	202
733.5	194
733.0	218
732.5	191
732.0	185
731.5	202
731.0	205
730.5	193
730.0	219
729.5	177
729.0	208
728.5	194
728.0	193
727.5	207
727.0	204
726.5	224
726.0	195
725.5	196
725.0	180
724.5	206
724.0	197
723.5	180
723.0	207
722.5	206
722.0	206
721.5	215
721.0	209
720.5	209
720.0	190
719.5	212
719.0	200
718.5	210
718.0	208
717.5	215
717.0	189
716.5	196
716.0	206
715.5	207
715.0	202
714.5	190
714.0	189
713.5	195
713.0	183
712.5	204
712.0	207
711.5	202
711.0	214
710.5	210
710.0	191
709.5	190
709.0	207
708.5	220
708.0	198
707.5	185
707.0	222
706.5	201
706.0	189
705.5	207
705.0	198
704.5	191
704.0	170
703.5	192
703.0	167
702.5	180
702.0	204
701.5	212
701.0	211
700.5	189
700.0	185
699.5	183
699.0	206
698.5	191
698.0	187
697.5	199
697.0	203
696.5	192
696.0	204
695.5	185
695.0	203
694.5	195
694.0	216
693.5	221
693.0	198
692.5	197
692.0	199
691.5	176
691.0	199
690.5	194
690.0	197
689.5	202
689.0	212
688.5	227
688.0	197
687.5	189
687.0	193
686.5	210
686.0	198
685.5	189
685.0	204
684.5	197
684.0	203
683.5	213
683.0	196
682.5	198
682.0	208
681.5	211
681.0	200
680.5	203
680.0	202
679.5	196
679.0	201
678.5	197
678.0	210
677.5	195
677.0	214
676.5	195
676.0	197
675.5	212
675.0	195
674.5	215
674.0	230
673.5	205
673.0	192
672.5	204
672.0	201
671.5	198
671.0	209
670.5	205
670.0	221
669.5	201
669.0	198
668.5	211
668.0	209
667.5	222
667.0	209
666.5	181
666.0	219
665.5	211
665.0	201
664.5	204
664.0	189
663.5	200
663.0	200
662.5	209
662.0	211
661.5	204
661.0	198
660.5	210
660.0	193
659.5	188
659.0	220
658.5	198
658.0	206
657.5	197
657.0	214
656.5	228
656.0	215
655.5	182
655.0	220
654.5	215
654.0	204
653.5	200
653.0	187
652.5	201
652.0	205
651.5	218
651.0	208
650.5	208
650.0	231
649.5	208
649.0	232
648.5	206
648.0	215
647.5	205
647.0	232
646.5	235
646.0	217
645.5	235
645.0	216
644.5	232
644.0	216
643.5	211
643.0	234
642.5	214
642.0	210
641.5	214
641.0	228
640.5	231
640.0	208
639.5	245
639.0	226
638.5	208
638.0	211
637.5	197
637.0	212
636.5	219
636.0	226
635.5	193
635.0	225
634.5	233
634.0	218
633.5	219
633.0	233
632.5	215
632.0	226
631.5	206
631.0	221
630.5	213
630.0	210
629.5	222
629.0	227
628.5	208
628.0	218
627.5	201
627.0	232
626.5	229
626.0	203
625.5	210
625.0	211
624.5	212
624.0	216
623.5	211
623.0	209
622.5	215
622.0	222
621.5	218
621.0	206
620.5	243
620.0	222
619.5	220
619.0	217
618.5	235
618.0	222
617.5	218
617.0	215
616.5	213
616.0	217
615.5	212
615.0	245
614.5	249
614.0	218
613.5	235
613.0	236
612.5	212
612.0	194
611.5	236
611.0	245
610.5	219
610.0	215
609.5	239
609.0	223
608.5	211
608.0	224
607.5	214
607.0	211
606.5	233
606.0	219
605.5	229
605.0	239
604.5	224
604.0	230
603.5	241
603.0	236
602.5	226
602.0	209
601.5	224
601.0	207
600.5	221
600.0	227
599.5	247
599.0	253
598.5	248
598.0	226
597.5	214
597.0	221
596.5	231
596.0	231
595.5	209
595.0	223
594.5	230
594.0	228
593.5	231
593.0	237
592.5	249
592.0	254
591.5	244
591.0	231
590.5	242
590.0	243
589.5	255
589.0	236
588.5	231
588.0	231
587.5	255
587.0	235
586.5	227
586.0	271
585.5	259
585.0	222
584.5	232
584.0	257
583.5	240
583.0	230
582.5	237
582.0	228
581.5	239
581.0	234
580.5	254
580.0	248
579.5	265
579.0	259
578.5	247
578.0	249
577.5	228
577.0	248
576.5	236
576.0	231
575.5	228
575.0	203
574.5	225
574.0	232
573.5	242
573.0	236
572.5	231
572.0	247
571.5	243
571.0	214
570.5	233
570.0	232
569.5	231
569.0	225
568.5	231
568.0	214
567.5	224
567.0	232
566.5	221
566.0	241
565.5	230
565.0	243
564.5	257
564.0	252
563.5	252
563.0	257
562.5	255
562.0	242
561.5	254
561.0	253
560.5	238
560.0	263
559.5	266
559.0	280
558.5	279
558.0	289
557.5	276
557.0	284
556.5	297
556.0	285
555.5	296
555.0	311
554.5	330
554.0	324
553.5	300
553.0	281
552.5	296
552.0	284
551.5	257
551.0	226
550.5	231
550.0	249
549.5	209
549.0	220
548.5	212
548.0	180
547.5	199
547.0	214
546.5	185
546.0	190
545.5	178
545.0	177
544.5	184
544.0	153
543.5	143
543.0	144
542.5	120
542.0	95
541.5	82
541.0	67
540.5	70
540.0	60
539.5	53
539.0	72
538.5	58
538.0	63
537.5	73
537.0	71
536.5	62
536.0	85
535.5	134
535.0	210
534.5	421
534.0	764
533.5	1228
533.0	1818
532.5	2152
532.0	1920
531.5	1344
531.0	758
530.5	319
530.0	168
529.5	114
529.0	92
528.5	88
528.0	71
527.5	56
527.0	69
526.5	57
526.0	63
525.5	62
525.0	61
524.5	50
524.0	53
523.5	45
523.0	45
522.5	48
522.0	53
521.5	46
521.0	57
520.5	50
520.0	55
519.5	57
519.0	60
518.5	54
518.0	44
517.5	55
517.0	57
516.5	56
516.0	47
515.5	50
515.0	48
514.5	51
514.0	50
513.5	55
513.0	63
512.5	57
512.0	47
511.5	52
511.0	47
510.5	60
510.0	57
509.5	49
509.0	57
508.5	52
508.0	52
507.5	46
507.0	47
506.5	58
506.0	48
505.5	47
505.0	56
504.5	67
504.0	51
503.5	59
503.0	58
502.5	48
502.0	47
501.5	66
501.0	53
500.5	56
500.0	55
499.5	60
499.0	58
498.5	61
498.0	75
497.5	60
497.0	62
496.5	60
496.0	67
495.5	56
495.0	51
494.5	46
494.0	49
493.5	47
493.0	40
492.5	46
492.0	39
491.5	40
491.0	39
490.5	51
490.0	38
489.5	47
489.0	52
488.5	42
488.0	43
487.5	51
487.0	44
486.5	52
486.0	47
485.5	36
485.0	55
484.5	47
484.0	41
483.5	60
483.0	47
482.5	44
482.0	38
481.5	47
481.0	47
480.5	45
480.0	45
479.5	49
479.0	56
478.5	46
478.0	44
477.5	50
477.0	46
476.5	49
476.0	47
475.5	42
475.0	43
474.5	49
474.0	59
473.5	60
473.0	49
472.5	49
472.0	46
471.5	40
471.0	36
470.5	49
470.0	41
469.5	47
469.0	47
468.5	52
468.0	39
467.5	48
467.0	51
466.5	48
466.0	35
465.5	42
465.0	44
464.5	47
464.0	49
463.5	45
463.0	35
462.5	44
462.0	54
461.5	43
461.0	44
460.5	54
460.0	53
459.5	64
459.0	47
458.5	49
458.0	40
457.5	46
457.0	43
456.5	45
456.0	47
455.5	45
455.0	42
454.5	47
454.0	47
453.5	45
453.0	40
452.5	44
452.0	45
451.5	52
451.0	45
450.5	44
450.0	55
449.5	46
449.0	53
448.5	53
448.0	53
447.5	47
447.0	53
446.5	41
446.0	47
445.5	46
445.0	47
444.5	46
444.0	44
443.5	50
443.0	44
442.5	50
442.0	50
441.5	60
441.0	52
440.5	47
440.0	54
439.5	69
439.0	49
438.5	39
438.0	54
437.5	52
437.0	38
436.5	48
436.0	53
435.5	44
435.0	55
434.5	44
434.0	40
433.5	41
433.0	58
432.5	43
432.0	56
431.5	46
431.0	49
430.5	48
430.0	41
429.5	35
429.0	48
428.5	50
428.0	48
427.5	45
427.0	44
426.5	49
426.0	54
425.5	50
425.0	50
424.5	48
424.0	49
423.5	37
423.0	45
422.5	50
422.0	48
421.5	53
421.0	48
420.5	49
420.0	47
419.5	53
419.0	54
418.5	47
418.0	48
417.5	48
417.0	46
416.5	37
416.0	67
415.5	55
415.0	53
414.5	45
414.0	53
413.5	43
413.0	50
412.5	43
412.0	36
411.5	44
411.0	48
410.5	65
410.0	51
409.5	58
409.0	61
408.5	48
408.0	56
407.5	38
407.0	53
406.5	44
406.0	54
405.5	38
405.0	49
404.5	57
404.0	54
403.5	51
403.0	48
402.5	40
402.0	47
401.5	43
401.0	30
400.5	48
400.0	59
399.5	50
399.0	49
398.5	49
398.0	53
397.5	50
397.0	39
396.5	40
396.0	49
395.5	53
395.0	39
394.5	45
394.0	38
393.5	42
393.0	47
392.5	54
392.0	48
391.5	47
391.0	48
390.5	38
390.0	36
389.5	44
389.0	44
388.5	47
388.0	47
387.5	44
387.0	45
386.5	59
386.0	56
385.5	52
385.0	51
384.5	40
384.0	45
383.5	52
383.0	43
382.5	38
382.0	36
381.5	36
381.0	35
380.5	46
380.0	44
379.5	50
379.0	50
378.5	58
378.0	46
377.5	50
377.0	65
376.5	59
376.0	50
375.5	52
375.0	48
374.5	47
374.0	49
373.5	53
373.0	59
372.5	44
372.0	57
371.5	51
371.0	52
370.5	48
370.0	55
369.5	42
369.0	52
368.5	43
368.0	53
367.5	48
367.0	48
366.5	53
366.0	49
365.5	42
365.0	46
364.5	50
364.0	48
363.5	37
363.0	58
362.5	51
362.0	52
361.5	43
361.0	51
360.5	44
360.0	50
359.5	57
359.0	57
358.5	58
358.0	46
357.5	49
357.0	56
356.5	51
356.0	52
355.5	39
355.0	41
354.5	52
354.0	55
353.5	54
353.0	51
352.5	45
352.0	42
351.5	43
351.0	38
350.5	44
350.0	34
349.5	39
349.0	40
348.5	49
348.0	46
347.5	49
347.0	44
346.5	56
346.0	62
345.5	52
345.0	38
344.5	42
344.0	42
343.5	46
343.0	59
342.5	52
342.0	52
341.5	63
341.0	48
340.5	68
340.0	42
339.5	38
339.0	54
338.5	43
338.0	54
337.5	51
337.0	31
336.5	28
336.0	49
335.5	37
335.0	47
334.5	44
334.0	53
333.5	47
333.0	48
332.5	41
332.0	44
331.5	51
331.0	39
330.5	47
330.0	47
329.5	57
329.0	54
328.5	53
328.0	58
327.5	50
327.0	41
326.5	41
326.0	49
325.5	56
325.0	48
324.5	45
324.0	56
323.5	50
323.0	44
322.5	53
322.0	53
321.5	52
321.0	60
320.5	54
320.0	42
319.5	49
319.0	44
318.5	44
318.0	45
317.5	46
317.0	51
316.5	54
316.0	48
315.5	35
315.0	46
314.5	60
314.0	54
313.5	60
313.0	49
312.5	52
312.0	56
311.5	44
311.0	54
310.5	48
310.0	43
309.5	53
309.0	57
308.5	42
308.0	31
307.5	45
307.0	45
306.5	40
306.0	52
305.5	58
305.0	49
304.5	48
304.0	38
303.5	47
303.0	45
302.5	51
302.0	60
301.5	43
301.0	47
300.5	58
300.0	59
299.5	52
299.0	48
298.5	52
298.0	55
297.5	42
297.0	43
296.5	54
296.0	52
295.5	51
295.0	56
294.5	68
294.0	58
293.5	54
293.0	50
292.5	43
292.0	53
291.5	63
291.0	58
290.5	47
290.0	51
289.5	52
289.0	49
288.5	41
288.0	42
287.5	48
287.0	55
286.5	52
286.0	42
285.5	43
285.0	47
284.5	58
284.0	49
283.5	53
283.0	47
282.5	43
282.0	48
281.5	55
281.0	54
280.5	37
280.0	54
279.5	47
279.0	55
278.5	58
278.0	57
277.5	50
277.0	47
276.5	42
276.0	37
275.5	40
275.0	57
274.5	42
274.0	53
273.5	44
273.0	44
272.5	52
272.0	49
271.5	52
271.0	52
270.5	75
270.0	57
269.5	45
269.0	44
268.5	47
268.0	45
267.5	47
267.0	46
266.5	35
266.0	48
265.5	55
265.0	46
264.5	54
264.0	51
263.5	54
263.0	44
262.5	44
262.0	38
261.5	43
261.0	51
260.5	41
260.0	43
259.5	43
259.0	43
258.5	44
258.0	50
257.5	64
257.0	62
256.5	51
256.0	40
255.5	46
255.0	49
254.5	50
254.0	45
253.5	50
253.0	53
252.5	51
252.0	54
251.5	44
251.0	54
250.5	49
250.0	54
249.5	51
249.0	49
248.5	52
248.0	47
247.5	56
247.0	45
246.5	41
246.0	44
245.5	59
245.0	56
244.5	58
244.0	49
243.5	50
243.0	42
242.5	47
242.0	61
241.5	44
241.0	47
240.5	49
240.0	45
239.5	51
239.0	47
238.5	56
238.0	65
237.5	48
237.0	41
236.5	46
236.0	45
235.5	51
235.0	41
234.5	59
234.0	38
233.5	50
233.0	49
232.5	56
232.0	42
231.5	43
231.0	40
230.5	47
230.0	60
229.5	67
229.0	58
228.5	58
228.0	62
227.5	47
227.0	46
226.5	49
226.0	46
225.5	47
225.0	43
224.5	45
224.0	56
223.5	62
223.0	55
222.5	57
222.0	63
221.5	47
221.0	61
220.5	59
220.0	55
219.5	57
219.0	43
218.5	61
218.0	58
217.5	47
217.0	43
216.5	54
216.0	57
215.5	49
215.0	51
214.5	57
214.0	54
213.5	45
213.0	48
212.5	64
212.0	47
211.5	55
211.0	57
210.5	51
210.0	52
209.5	52
209.0	66
208.5	55
208.0	58
207.5	50
207.0	53
206.5	45
206.0	44
205.5	52
205.0	58
204.5	47
204.0	55
203.5	53
203.0	62
202.5	64
202.0	48
201.5	50
201.0	52
200.5	61
200.0	61
199.5	61
199.0	71
198.5	50
198.0	64
197.5	61
197.0	59
196.5	54
196.0	54
195.5	59
195.0	50
194.5	51
194.0	57
193.5	53
193.0	57
192.5	66
192.0	62
191.5	62
191.0	49
190.5	60
190.0	57
189.5	58
189.0	57
188.5	54
188.0	71
187.5	61
187.0	56
186.5	55
186.0	59
185.5	51
185.0	56
184.5	52
184.0	54
183.5	62
183.0	52
182.5	58
182.0	51
181.5	77
181.0	65
180.5	67
180.0	73
179.5	68
179.0	60
178.5	57
178.0	69
177.5	63
177.0	59
176.5	73
176.0	73
175.5	73
175.0	61
174.5	76
174.0	69
173.5	64
173.0	68
172.5	68
172.0	71
171.5	76
171.0	67
170.5	70
170.0	51
169.5	59
169.0	62
168.5	62
168.0	61
167.5	57
167.0	45
166.5	50
166.0	47
165.5	42
165.0	39
164.5	43
164.0	41
163.5	42
163.0	38
162.5	48
162.0	40
161.5	33
161.0	43
160.5	38
160.0	33
159.5	42
159.0	42
158.5	33
158.0	50
157.5	63
157.0	75
156.5	89
156.0	127
155.5	186
155.0	248
154.5	284
154.0	336
153.5	300
153.0	231
152.5	174
152.0	108
151.5	87
151.0	71
150.5	56
150.0	53
149.5	54
149.0	53
148.5	40
148.0	32
147.5	41
147.0	39
146.5	41
146.0	45
145.5	43
145.0	31
144.5	40
144.0	38
143.5	53
143.0	46
142.5	27
142.0	38
141.5	46
141.0	36
140.5	38
140.0	32
139.5	31
139.0	36
138.5	42
138.0	34
137.5	37
137.0	35
136.5	36
136.0	27
135.5	28
135.0	36
134.5	29
134.0	34
133.5	28
133.0	28
132.5	34
132.0	43
131.5	29
131.0	33
130.5	37
130.0	37
129.5	35
129.0	34
128.5	44
128.0	46
127.5	34
127.0	42
126.5	47
126.0	53
125.5	49
125.0	54
124.5	51
124.0	51
123.5	42
123.0	36
122.5	43
122.0	40
121.5	46
121.0	38
120.5	39
120.0	38
119.5	43
119.0	37
118.5	28
118.0	33
117.5	37
117.0	31
116.5	33
116.0	21
115.5	28
115.0	25
114.5	25
114.0	27
113.5	17
113.0	19
112.5	16
112.0	10
111.5	13
111.0	9
110.5	13
110.0	11
109.5	12
109.0	15
108.5	11
108.0	8
107.5	6
107.0	9
106.5	10
106.0	9
105.5	28
105.0	51
104.5	89
104.0	226
103.5	307
103.0	344
102.5	260
102.0	193
101.5	85
101.0	41
100.5	19
100.0	8
99.5	12
99.0	16
98.5	10
98.0	12
97.5	12
97.0	10
96.5	6
96.0	13
95.5	9
95.0	9
94.5	10
94.0	13
93.5	9
93.0	16
92.5	14
92.0	12
91.5	11
91.0	12
90.5	12
90.0	11
89.5	9
89.0	6
88.5	9
88.0	10
87.5	14
87.0	5
86.5	8
86.0	11
85.5	9
85.0	9
84.5	8
84.0	7
83.5	11
83.0	11
82.5	14
82.0	12
81.5	19
81.0	15
80.5	9
80.0	5
79.5	7
79.0	14
78.5	15
78.0	8
77.5	16
77.0	13
76.5	15
76.0	15
75.5	8
75.0	9
74.5	11
74.0	9
73.5	9
73.0	17
72.5	12
72.0	12
71.5	11
71.0	7
70.5	9
70.0	14
69.5	11
69.0	13
68.5	11
68.0	15
67.5	11
67.0	13
66.5	8
66.0	12
65.5	17
65.0	18
64.5	16
64.0	8
63.5	15
63.0	17
62.5	15
62.0	19
61.5	11
61.0	12
60.5	12
60.0	11
59.5	13
59.0	10
58.5	9
58.0	14
57.5	10
57.0	14
56.5	9
56.0	13
55.5	14
55.0	12
54.5	11
54.0	8
53.5	13
53.0	9
52.5	17
52.0	18
51.5	13
51.0	16
50.5	15
50.0	13
49.5	13
49.0	11
48.5	11
48.0	7
47.5	14
47.0	11
46.5	14
46.0	12
45.5	13
45.0	8
44.5	7
44.0	9
43.5	12
43.0	10
42.5	12
42.0	11
41.5	11
41.0	12
40.5	9
40.0	6
39.5	10
39.0	15
38.5	8
38.0	9
37.5	7
37.0	11
36.5	12
36.0	10
35.5	5
35.0	10
34.5	10
34.0	5
33.5	14
33.0	9
32.5	8
32.0	15
31.5	14
31.0	13
30.5	7
30.0	10
29.5	8
29.0	6
28.5	9
28.0	18
27.5	16
27.0	22
26.5	36
26.0	48
25.5	43
25.0	50
24.5	57
24.0	54
23.5	29
23.0	22
22.5	17
22.0	8
21.5	8
21.0	5
20.5	2
20.0	3
19.5	2
19.0	1
18.5	3
18.0	3
17.5	2
17.0	3
16.5	3
16.0	4
15.5	7
15.0	8
14.5	7
14.0	6
13.5	10
13.0	12
12.5	4
12.0	6
11.5	9
11.0	9
10.5	12
10.0	6
9.5	6
9.0	11
8.5	8
8.0	14
7.5	13
7.0	17
6.5	13
6.0	7
5.5	4
5.0	3
4.5	2
4.0	0
3.5	1
3.0	0
2.5	0
2.0	0
1.5	1
1.0	0
0.5	0
0.0	0
Region	Enabled	DataFlag	Start	End	Step	Sweeps	Dwell	Mode	CAE/CRR	Mag	Divide by Ten	Notes	Function	Line-Style	Point-Style	Sweeps-Acquired
2	true	Original	545.000	525.000	-0.100	2	0.200	CAE	50.00	High	false	O	7 Channel Acquisition			2
Layer	Enabled	DataFlag	Notes	Formula	Line-Style	Point-Style
1	True		Ch(1)+Ch(2)+Ch(3)+Ch(4)+Ch(5)+Ch(6)+Ch(7)		
Energy	Counts
545.000	365
544.900	320
544.800	330
544.700	331
544.600	333
544.500	306
544.400	309
544.300	325
544.200	321
544.100	288
544.000	301
543.900	304
543.800	315
543.700	297
543.600	290
543.500	298
543.400	279
543.300	266
543.200	244
543.100	257
543.000	286
542.900	252
542.800	234
542.700	241
542.600	243
542.500	226
542.400	206
542.300	202
542.200	191
542.100	180
542.000	201
541.900	200
541.800	175
541.700	161
541.600	165
541.500	170
541.400	172
541.300	160
541.200	146
541.100	143
541.000	138
540.900	139
540.800	138
540.700	127
540.600	135
540.500	134
540.400	140
540.300	142
540.200	123
540.100	134
540.000	129
539.900	130
539.800	131
539.700	116
539.600	107
539.500	124
539.400	126
539.300	135
539.200	119
539.100	111
539.000	120
538.900	122
538.800	127
538.700	133
538.600	121
538.500	126
538.400	132
538.300	124
538.200	132
538.100	133
538.000	137
537.900	136
537.800	124
537.700	124
537.600	116
537.500	110
537.400	115
537.300	122
537.200	125
537.100	140
537.000	138
536.900	135
536.800	130
536.700	129
536.600	150
536.500	150
536.400	149
536.300	147
536.200	152
536.100	164
536.000	184
535.900	195
535.800	212
535.700	215
535.600	218
535.500	237
535.400	272
535.300	287
535.200	330
535.100	360
535.000	432
534.900	492
534.800	545
534.700	618
534.600	701
534.500	801
534.400	889
534.300	1010
534.200	1155
534.100	1275
534.000	1467
533.900	1664
533.800	1868
533.700	2070
533.600	2379
533.500	2562
533.400	2782
533.300	3034
533.200	3314
533.100	3474
533.000	3714
532.900	3881
532.800	4065
532.700	4189
532.600	4251
532.500	4308
532.400	4307
532.300	4290
532.200	4294
532.100	4131
532.000	3979
531.900	3822
531.800	3574
531.700	3271
531.600	3005
531.500	2789
531.400	2471
531.300	2154
531.200	1899
531.100	1684
531.000	1392
530.900	1197
530.800	1013
530.700	880
530.600	780
530.500	645
530.400	548
530.300	481
530.200	431
530.100	388
530.000	339
529.900	309
529.800	288
529.700	261
529.600	220
529.500	227
529.400	217
529.300	205
529.200	200
529.100	192
529.000	182
528.900	161
528.800	173
528.700	146
528.600	134
528.500	143
528.400	158
528.300	127
528.200	129
528.100	139
528.000	136
527.900	128
527.800	125
527.700	116
527.600	119
527.500	129
527.400	117
527.300	124
527.200	115
527.100	110
527.000	115
526.900	125
526.800	122
526.700	121
526.600	124
526.500	125
526.400	112
526.300	120
526.200	108
526.100	118
526.000	132
525.900	137
525.800	128
525.700	111
525.600	101
525.500	113
525.400	104
525.300	101
525.200	108
525.100	113
525.000	118
Region	Enabled	DataFlag	Start	End	Step	Sweeps	Dwell	Mode	CAE/CRR	Mag	Divide by Ten	Notes	Function	Line-Style	Point-Style	Sweeps-Acquired
3	true	Original	275.000	295.000	0.100	10	0.200	CAE	50.00	High	false	c	7 Channel Acquisition			10
Layer	Enabled	DataFlag	Notes	Formula	Line-Style	Point-Style
1	True		Ch(1)+Ch(2)+Ch(3)+Ch(4)+Ch(5)+Ch(6)+Ch(7)		
Energy	Counts
275.000	492
275.100	475
275.200	470
275.300	512
275.400	509
275.500	490
275.600	463
275.700	472
275.800	496
275.900	516
276.000	528
276.100	486
276.200	490
276.300	475
276.400	479
276.500	508
276.600	507
276.700	514
276.800	495
276.900	497
277.000	494
277.100	464
277.200	473
277.300	483
277.400	506
277.500	483
277.600	488
277.700	470
277.800	482
277.900	486
278.000	470
278.100	515
278.200	491
278.300	498
278.400	516
278.500	490
278.600	467
278.700	497
278.800	481
278.900	513
279.000	510
279.100	481
279.200	493
279.300	525
279.400	504
279.500	502
279.600	478
279.700	467
279.800	488
279.900	509
280.000	518
280.100	502
280.200	475
280.300	484
280.400	462
280.500	487
280.600	486
280.700	502
280.800	466
280.900	457
281.000	507
281.100	503
281.200	493
281.300	465
281.400	467
281.500	518
281.600	509
281.700	503
281.800	503
281.900	497
282.000	506
282.100	490
282.200	486
282.300	472
282.400	479
282.500	499
282.600	491
282.700	506
282.800	504
282.900	511
283.000	512
283.100	511
283.200	510
283.300	512
283.400	516
283.500	508
283.600	511
283.700	483
283.800	482
283.900	492
284.000	522
284.100	521
284.200	496
284.300	509
284.400	516
284.500	545
284.600	521
284.700	482
284.800	469
284.900	467
285.000	468
285.100	494
285.200	524
285.300	501
285.400	508
285.500	482
285.600	508
285.700	497
285.800	508
285.900	498
286.000	485
286.100	469
286.200	492
286.300	484
286.400	527
286.500	517
286.600	522
286.700	502
286.800	482
286.900	504
287.000	539
287.100	493
287.200	485
287.300	484
287.400	508
287.500	475
287.600	472
287.700	481
287.800	526
287.900	485
288.000	515
288.100	485
288.200	496
288.300	485
288.400	462
288.500	468
288.600	480
288.700	472
288.800	493
288.900	468
289.000	479
289.100	483
289.200	478
289.300	475
289.400	466
289.500	468
289.600	487
289.700	506
289.800	513
289.900	490
290.000	507
290.100	505
290.200	527
290.300	535
290.400	507
290.500	450
290.600	445
290.700	476
290.800	480
290.900	497
291.000	495
291.100	482
291.200	462
291.300	489
291.400	513
291.500	502
291.600	507
291.700	528
291.800	541
291.900	509
292.000	525
292.100	545
292.200	525
292.300	514
292.400	577
292.500	569
292.600	549
292.700	556
292.800	579
292.900	552
293.000	566
293.100	548
293.200	536
293.300	575
293.400	595
293.500	606
293.600	602
293.700	621
293.800	619
293.900	602
294.000	585
294.100	591
294.200	564
294.300	551
294.400	567
294.500	571
294.600	546
294.700	535
294.800	551
294.900	539
295.000	557
Region	Enabled	DataFlag	Start	End	Step	Sweeps	Dwell	Mode	CAE/CRR	Mag	Divide by Ten	Notes	Function	Line-Style	Point-Style	Sweeps-Acquired
4	true	Original	110.000	90.000	-0.100	5	0.200	CAE	50.00	High	false	Si	7 Channel Acquisition			5
Layer	Enabled	DataFlag	Notes	Formula	Line-Style	Point-Style
1	True		Ch(1)+Ch(2)+Ch(3)+Ch(4)+Ch(5)+Ch(6)+Ch(7)		
Energy	Counts
110.000	57
109.900	62
109.800	64
109.700	63
109.600	69
109.500	76
109.400	57
109.300	72
109.200	56
109.100	60
109.000	60
108.900	61
108.800	59
108.700	60
108.600	66
108.500	55
108.400	52
108.300	52
108.200	54
108.100	52
108.000	54
107.900	54
107.800	54
107.700	59
107.600	52
107.500	54
107.400	70
107.300	58
107.200	56
107.100	68
107.000	57
106.900	50
106.800	51
106.700	48
106.600	58
106.500	55
106.400	67
106.300	73
106.200	79
106.100	71
106.000	84
105.900	67
105.800	85
105.700	109
105.600	125
105.500	143
105.400	157
105.300	169
105.200	208
105.100	231
105.000	275
104.900	334
104.800	360
104.700	427
104.600	506
104.500	546
104.400	601
104.300	714
104.200	820
104.100	888
104.000	1018
103.900	1185
103.800	1248
103.700	1290
103.600	1386
103.500	1458
103.400	1485
103.300	1537
103.200	1596
103.100	1624
103.000	1612
102.900	1641
102.800	1659
102.700	1611
102.600	1495
102.500	1421
102.400	1360
102.300	1268
102.200	1151
102.100	1038
102.000	970
101.900	876
101.800	744
101.700	650
101.600	598
101.500	489
101.400	399
101.300	356
101.200	336
101.100	285
101.000	212
100.900	180
100.800	159
100.700	120
100.600	108
100.500	104
100.400	93
100.300	92
100.200	80
100.100	66
100.000	68
99.900	67
99.800	59
99.700	49
99.600	65
99.500	61
99.400	56
99.300	62
99.200	66
99.100	43
99.000	48
98.900	58
98.800	50
98.700	49
98.600	50
98.500	47
98.400	58
98.300	57
98.200	52
98.100	57
98.000	54
97.900	55
97.800	56
97.700	61
97.600	54
97.500	52
97.400	51
97.300	54
97.200	59
97.100	58
97.000	55
96.900	52
96.800	43
96.700	50
96.600	60
96.500	57
96.400	63
96.300	66
96.200	62
96.100	62
96.000	44
95.900	46
95.800	57
95.700	59
95.600	64
95.500	57
95.400	46
95.300	62
95.200	53
95.100	42
95.000	69
94.900	54
94.800	51
94.700	56
94.600	55
94.500	48
94.400	61
94.300	51
94.200	59
94.100	64
94.000	59
93.900	56
93.800	56
93.700	51
93.600	48
93.500	51
93.400	47
93.300	53
93.200	56
93.100	58
93.000	51
92.900	54
92.800	58
92.700	54
92.600	47
92.500	50
92.400	61
92.300	51
92.200	44
92.100	56
92.000	60
91.900	60
91.800	60
91.700	56
91.600	60
91.500	57
91.400	55
91.300	50
91.200	53
91.100	57
91.000	54
90.900	58
90.800	48
90.700	52
90.600	65
90.500	59
90.400	53
90.300	51
90.200	49
90.100	50
90.000	49
Region	Enabled	DataFlag	Start	End	Step	Sweeps	Dwell	Mode	CAE/CRR	Mag	Divide by Ten	Notes	Function	Line-Style	Point-Style	Sweeps-Acquired
5	true	Original	890.000	840.000	-0.100	40	0.200	CAE	50.00	High	false	Ni	7 Channel Acquisition			40
Layer	Enabled	DataFlag	Notes	Formula	Line-Style	Point-Style
1	True		Ch(1)+Ch(2)+Ch(3)+Ch(4)+Ch(5)+Ch(6)+Ch(7)		
Energy	Counts
890.000	9746
889.900	9867
889.800	9885
889.700	9793
889.600	9793
889.500	9788
889.400	9563
889.300	9734
889.200	9879
889.100	9823
889.000	9695
888.900	9813
888.800	9928
888.700	9772
888.600	9664
888.500	9815
888.400	9757
888.300	9762
888.200	9713
888.100	9837
888.000	9752
887.900	9933
887.800	9689
887.700	9702
887.600	9817
887.500	9680
887.400	9636
887.300	9782
887.200	9742
887.100	9850
887.000	9870
886.900	9834
886.800	9822
886.700	9820
886.600	9773
886.500	9697
886.400	9653
886.300	9876
886.200	9820
886.100	9755
886.000	9862
885.900	9827
885.800	9861
885.700	9728
885.600	9774
885.500	9726
885.400	9746
885.300	9815
885.200	9812
885.100	9781
885.000	9763
884.900	9791
884.800	9677
884.700	9786
884.600	9682
884.500	9870
884.400	9798
884.300	9769
884.200	9743
884.100	9731
884.000	9532
883.900	9605
883.800	9618
883.700	9682
883.600	9766
883.500	9782
883.400	9777
883.300	9818
883.200	9869
883.100	9827
883.000	9748
882.900	9766
882.800	9813
882.700	9708
882.600	9810
882.500	9847
882.400	9749
882.300	9696
882.200	9721
882.100	9821
882.000	9544
881.900	9563
881.800	9624
881.700	9693
881.600	9664
881.500	9753
881.400	9801
881.300	9678
881.200	9755
881.100	9843
881.000	9808
880.900	9779
880.800	9752
880.700	9694
880.600	9722
880.500	9813
880.400	9747
880.300	9704
880.200	9688
880.100	9773
880.000	9764
879.900	9718
879.800	9840
879.700	9704
879.600	9774
879.500	9809
879.400	9842
879.300	9905
879.200	9775
879.100	9684
879.000	9793
878.900	9899
878.800	9857
878.700	9693
878.600	9740
878.500	9826
878.400	9945
878.300	9880
878.200	9862
878.100	9800
878.000	9828
877.900	10006
877.800	9971
877.700	10124
877.600	10097
877.500	9987
877.400	10032
877.300	9936
877.200	9914
877.100	9964
877.000	9965
876.900	10159
876.800	9992
876.700	10064
876.600	9943
876.500	9874
876.400	9910
876.300	10014
876.200	10024
876.100	10129
876.000	10200
875.900	10013
875.800	10098
875.700	10044
875.600	10044
875.500	10064
875.400	10118
875.300	10131
875.200	10072
875.100	9994
875.000	9961
874.900	10092
874.800	10156
874.700	10037
874.600	10032
874.500	10129
874.400	10085
874.300	10117
874.200	10012
874.100	9980
874.000	10071
873.900	9951
873.800	10016
873.700	9928
873.600	10110
873.500	10227
873.400	10192
873.300	10178
873.200	10179
873.100	10246
873.000	10196
872.900	10236
872.800	10299
872.700	10265
872.600	10486
872.500	10552
872.400	10521
872.300	10677
872.200	10819
872.100	10746
872.000	10834
871.900	10943
871.800	10839
871.700	10924
871.600	11082
871.500	11056
871.400	10971
871.300	11110
871.200	11095
871.100	11176
871.000	11173
870.900	11100
870.800	11030
870.700	11090
870.600	10785
870.500	10738
870.400	10553
870.300	10477
870.200	10377
870.100	10278
870.000	10217
869.900	10047
869.800	9949
869.700	10002
869.600	9897
869.500	9741
869.400	9695
869.300	9734
869.200	9742
869.100	9702
869.000	9749
868.900	9773
868.800	9606
868.700	9563
868.600	9517
868.500	9469
868.400	9374
868.300	9418
868.200	9331
868.100	9290
868.000	9215
867.900	9232
867.800	9428
867.700	9458
867.600	9227
867.500	9182
867.400	9439
867.300	9213
867.200	9163
867.100	9284
867.000	9207
866.900	9297
866.800	9251
866.700	9267
866.600	9292
866.500	9324
866.400	9140
866.300	9237
866.200	9214
866.100	9188
866.000	9229
865.900	9222
865.800	9232
865.700	9107
865.600	9112
865.500	9301
865.400	9332
865.300	9347
865.200	9138
865.100	9212
865.000	9101
864.900	8974
864.800	9029
864.700	9104
864.600	9187
864.500	9145
864.400	9244
864.300	9214
864.200	9133
864.100	9067
864.000	9017
863.900	9048
863.800	9124
863.700	9129
863.600	9284
863.500	9226
863.400	9193
863.300	9120
863.200	9127
863.100	9119
863.000	9326
862.900	9236
862.800	9186
862.700	9145
862.600	9172
862.500	9257
862.400	9212
862.300	9288
862.200	9157
862.100	9359
862.000	9322
861.900	9347
861.800	9362
861.700	9315
861.600	9333
861.500	9453
861.400	9475
861.300	9332
861.200	9597
861.100	9582
861.000	9606
860.900	9516
860.800	9699
860.700	9659
860.600	9643
860.500	9679
860.400	9766
860.300	9548
860.200	9625
860.100	9613
860.000	9676
859.900	9617
859.800	9681
859.700	9633
859.600	9657
859.500	9661
859.400	9603
859.300	9566
859.200	9703
859.100	9691
859.000	9580
858.900	9560
858.800	9418
858.700	9517
858.600	9457
858.500	9533
858.400	9543
858.300	9535
858.200	9580
858.100	9243
858.000	9477
857.900	9591
857.800	9588
857.700	9574
857.600	9325
857.500	9468
857.400	9630
857.300	9560
857.200	9550
857.100	9551
857.000	9573
856.900	9580
856.800	9440
856.700	9510
856.600	9524
856.500	9530
856.400	9685
856.300	9645
856.200	9694
856.100	9669
856.000	9912
855.900	10035
855.800	10115
855.700	10069
855.600	10313
855.500	10326
855.400	10449
855.300	10510
855.200	10696
855.100	10869
855.000	11004
854.900	11240
854.800	11403
854.700	11477
854.600	11658
854.500	11985
854.400	12110
854.300	12229
854.200	12450
854.100	12637
854.000	12696
853.900	12665
853.800	12622
853.700	12590
853.600	12425
853.500	12175
853.400	11933
853.300	11803
853.200	11522
853.100	11006
853.000	10705
852.900	10252
852.800	10066
852.700	9756
852.600	9593
852.500	9429
852.400	9321
852.300	9071
852.200	8960
852.100	8957
852.000	8806
851.900	8682
851.800	8784
851.700	8778
851.600	8776
851.500	8787
851.400	8685
851.300	8640
851.200	8685
851.100	8485
851.000	8575
850.900	8597
850.800	8534
850.700	8502
850.600	8553
850.500	8454
850.400	8393
850.300	8410
850.200	8428
850.100	8456
850.000	8382
849.900	8386
849.800	8394
849.700	8305
849.600	8314
849.500	8325
849.400	8346
849.300	8196
849.200	8430
849.100	8380
849.000	8319
848.900	8378
848.800	8214
848.700	8193
848.600	8130
848.500	8095
848.400	8148
848.300	8275
848.200	8315
848.100	8308
848.000	8309
847.900	8333
847.800	8364
847.700	8246
847.600	8210
847.500	8187
847.400	8198
847.300	8254
847.200	8251
847.100	8222
847.000	8442
846.900	8340
846.800	8217
846.700	8073
846.600	8150
846.500	8300
846.400	8354
846.300	8189
846.200	8179
846.100	8247
846.000	8180
845.900	8327
845.800	8192
845.700	8236
845.600	8099
845.500	8312
845.400	8323
845.300	8279
845.200	8321
845.100	8365
845.000	8422
844.900	8362
844.800	8326
844.700	8178
844.600	8189
844.500	8316
844.400	8215
844.300	8296
844.200	8305
844.100	8232
844.000	8192
843.900	8272
843.800	8246
843.700	8250
843.600	8324
843.500	8350
843.400	8329
843.300	8291
843.200	8233
843.100	8255
843.000	8237
842.900	8264
842.800	8242
842.700	8269
842.600	8258
842.500	8144
842.400	8362
842.300	8241
842.200	8237
842.100	8285
842.000	8285
841.900	8223
841.800	8430
841.700	8275
841.600	8275
841.500	8168
841.400	8273
841.300	8191
841.200	8239
841.100	8327
841.000	8226
840.900	8278
840.800	8398
840.700	8230
840.600	8243
840.500	8332
840.400	8251
840.300	8407
840.200	8217
840.100	8296
840.000	8451
Region	Enabled	DataFlag	Start	End	Step	Sweeps	Dwell	Mode	CAE/CRR	Mag	Divide by Ten	Notes	Function	Line-Style	Point-Style	Sweeps-Acquired
6	true	Original	545.000	525.000	-0.100	1	0.200	CAE	50.00	High	false	O V	7 Channel Acquisition			1
Layer	Enabled	DataFlag	Notes	Formula	Line-Style	Point-Style
1	True		Ch(1)+Ch(2)+Ch(3)+Ch(4)+Ch(5)+Ch(6)+Ch(7)		
Energy	Counts
545.000	163
544.900	171
544.800	174
544.700	165
544.600	173
544.500	177
544.400	161
544.300	158
544.200	163
544.100	165
544.000	167
543.900	170
543.800	161
543.700	161
543.600	150
543.500	155
543.400	150
543.300	141
543.200	130
543.100	131
543.000	111
542.900	119
542.800	113
542.700	120
542.600	114
542.500	105
542.400	107
542.300	115
542.200	127
542.100	114
542.000	103
541.900	107
541.800	100
541.700	99
541.600	88
541.500	89
541.400	76
541.300	79
541.200	78
541.100	73
541.000	75
540.900	71
540.800	68
540.700	63
540.600	75
540.500	77
540.400	66
540.300	75
540.200	73
540.100	61
540.000	64
539.900	66
539.800	70
539.700	71
539.600	58
539.500	70
539.400	69
539.300	58
539.200	71
539.100	67
539.000	53
538.900	61
538.800	71
538.700	68
538.600	78
538.500	72
538.400	61
538.300	64
538.200	71
538.100	69
538.000	68
537.900	64
537.800	73
537.700	66
537.600	72
537.500	66
537.400	68
537.300	60
537.200	57
537.100	69
537.000	72
536.900	64
536.800	76
536.700	69
536.600	77
536.500	74
536.400	82
536.300	90
536.200	91
536.100	95
536.000	101
535.900	89
535.800	93
535.700	97
535.600	108
535.500	113
535.400	119
535.300	158
535.200	173
535.100	193
535.000	202
534.900	240
534.800	290
534.700	317
534.600	345
534.500	392
534.400	454
534.300	526
534.200	589
534.100	673
534.000	747
533.900	809
533.800	948
533.700	1083
533.600	1182
533.500	1264
533.400	1383
533.300	1469
533.200	1539
533.100	1716
533.000	1816
532.900	1872
532.800	1949
532.700	2081
532.600	2093
532.500	2165
532.400	2189
532.300	2203
532.200	2192
532.100	2166
532.000	2113
531.900	1984
531.800	1835
531.700	1734
531.600	1600
531.500	1501
531.400	1335
531.300	1195
531.200	1070
531.100	951
531.000	831
530.900	732
530.800	592
530.700	505
530.600	441
530.500	374
530.400	329
530.300	279
530.200	230
530.100	208
530.000	197
529.900	170
529.800	160
529.700	136
529.600	130
529.500	118
529.400	107
529.300	98
529.200	91
529.100	95
529.000	91
528.900	83
528.800	100
528.700	82
528.600	68
528.500	80
528.400	87
528.300	88
528.200	95
528.100	80
528.000	64
527.900	55
527.800	82
527.700	74
527.600	54
527.500	51
527.400	59
527.300	57
527.200	58
527.100	68
527.000	74
526.900	54
526.800	60
526.700	48
526.600	56
526.500	53
526.400	60
526.300	66
526.200	61
526.100	57
526.000	64
525.900	62
525.800	62
525.700	77
525.600	56
525.500	57
525.400	64
525.300	57
525.200	58
525.100	55
525.000	60
