Region	Enabled	DataFlag	Start	End	Step	Sweeps	Dwell	Mode	CAE/CRR	Mag	Divide by Ten	Notes	Function	Line-Style	Point-Style	Sweeps-Acquired
1	true	Original	1400.0	0.0	-0.5	1	0.200	CAE	50.00	High	false		7 Channel Acquisition			1
Layer	Enabled	DataFlag	Notes	Formula	Line-Style	Point-Style
1	True		Ch(1)+Ch(2)+Ch(3)+Ch(4)+Ch(5)+Ch(6)+Ch(7)		
Energy	Counts
1400.0	414
1399.5	423
1399.0	402
1398.5	397
1398.0	397
1397.5	392
1397.0	398
1396.5	412
1396.0	416
1395.5	389
1395.0	358
1394.5	392
1394.0	388
1393.5	387
1393.0	391
1392.5	374
1392.0	384
1391.5	382
1391.0	385
1390.5	376
1390.0	379
1389.5	375
1389.0	379
1388.5	377
1388.0	453
1387.5	444
1387.0	426
1386.5	408
1386.0	455
1385.5	457
1385.0	491
1384.5	484
1384.0	454
1383.5	460
1383.0	498
1382.5	457
1382.0	433
1381.5	397
1381.0	430
1380.5	451
1380.0	420
1379.5	414
1379.0	437
1378.5	422
1378.0	377
1377.5	380
1377.0	359
1376.5	404
1376.0	386
1375.5	415
1375.0	426
1374.5	405
1374.0	377
1373.5	393
1373.0	380
1372.5	412
1372.0	373
1371.5	377
1371.0	400
1370.5	396
1370.0	378
1369.5	350
1369.0	376
1368.5	370
1368.0	364
1367.5	370
1367.0	370
1366.5	382
1366.0	378
1365.5	373
1365.0	354
1364.5	367
1364.0	348
1363.5	377
1363.0	359
1362.5	364
1362.0	361
1361.5	359
1361.0	354
1360.5	340
1360.0	353
1359.5	356
1359.0	338
1358.5	321
1358.0	321
1357.5	336
1357.0	355
1356.5	332
1356.0	332
1355.5	330
1355.0	345
1354.5	354
1354.0	344
1353.5	331
1353.0	324
1352.5	305
1352.0	342
1351.5	333
1351.0	316
1350.5	329
1350.0	349
1349.5	325
1349.0	329
1348.5	310
1348.0	310
1347.5	342
1347.0	328
1346.5	350
1346.0	292
1345.5	320
1345.0	294
1344.5	308
1344.0	314
1343.5	286
1343.0	299
1342.5	330
1342.0	342
1341.5	331
1341.0	296
1340.5	321
1340.0	350
1339.5	347
1339.0	297
1338.5	328
1338.0	324
1337.5	311
1337.0	295
1336.5	314
1336.0	291
1335.5	302
1335.0	318
1334.5	312
1334.0	311
1333.5	339
1333.0	320
1332.5	306
1332.0	299
1331.5	295
1331.0	326
1330.5	334
1330.0	299
1329.5	299
1329.0	291
1328.5	315
1328.0	320
1327.5	298
1327.0	303
1326.5	315
1326.0	279
1325.5	318
1325.0	285
1324.5	303
1324.0	297
1323.5	275
1323.0	291
1322.5	292
1322.0	295
1321.5	272
1321.0	296
1320.5	296
1320.0	312
1319.5	283
1319.0	313
1318.5	303
1318.0	312
1317.5	310
1317.0	302
1316.5	285
1316.0	300
1315.5	303
1315.0	309
1314.5	314
1314.0	294
1313.5	306
1313.0	301
1312.5	301
1312.0	310
1311.5	296
1311.0	279
1310.5	277
1310.0	295
1309.5	321
1309.0	313
1308.5	289
1308.0	320
1307.5	304
1307.0	312
1306.5	297
1306.0	312
1305.5	303
1305.0	331
1304.5	307
1304.0	318
1303.5	285
1303.0	286
1302.5	309
1302.0	322
1301.5	321
1301.0	333
1300.5	288
1300.0	299
1299.5	311
1299.0	298
1298.5	283
1298.0	274
1297.5	283
1297.0	302
1296.5	284
1296.0	287
1295.5	297
1295.0	324
1294.5	320
1294.0	279
1293.5	261
1293.0	312
1292.5	307
1292.0	281
1291.5	268
1291.0	298
1290.5	291
1290.0	292
1289.5	293
1289.0	252
1288.5	266
1288.0	263
1287.5	267
1287.0	243
1286.5	282
1286.0	305
1285.5	280
1285.0	268
1284.5	286
1284.0	255
1283.5	270
1283.0	301
1282.5	282
1282.0	275
1281.5	286
1281.0	246
1280.5	270
1280.0	298
1279.5	308
1279.0	270
1278.5	276
1278.0	265
1277.5	258
1277.0	263
1276.5	267
1276.0	280
1275.5	261
1275.0	262
1274.5	273
1274.0	265
1273.5	250
1273.0	255
1272.5	257
1272.0	287
1271.5	263
1271.0	259
1270.5	281
1270.0	268
1269.5	276
1269.0	251
1268.5	247
1268.0	276
1267.5	293
1267.0	279
1266.5	264
1266.0	273
1265.5	294
1265.0	292
1264.5	284
1264.0	273
1263.5	272
1263.0	287
1262.5	254
1262.0	262
1261.5	267
1261.0	282
1260.5	288
1260.0	274
1259.5	292
1259.0	295
1258.5	309
1258.0	283
1257.5	271
1257.0	282
1256.5	287
1256.0	305
1255.5	274
1255.0	274
1254.5	285
1254.0	292
1253.5	299
1253.0	266
1252.5	274
1252.0	290
1251.5	259
1251.0	286
1250.5	290
1250.0	270
1249.5	259
1249.0	285
1248.5	301
1248.0	263
1247.5	286
1247.0	282
1246.5	275
1246.0	294
1245.5	285
1245.0	305
1244.5	275
1244.0	267
1243.5	283
1243.0	287
1242.5	289
1242.0	275
1241.5	288
1241.0	296
1240.5	297
1240.0	299
1239.5	272
1239.0	283
1238.5	298
1238.0	287
1237.5	283
1237.0	271
1236.5	313
1236.0	281
1235.5	292
1235.0	302
1234.5	288
1234.0	286
1233.5	296
1233.0	304
1232.5	280
1232.0	303
1231.5	326
1231.0	297
1230.5	293
1230.0	296
1229.5	295
1229.0	292
1228.5	297
1228.0	317
1227.5	279
1227.0	304
1226.5	294
1226.0	305
1225.5	298
1225.0	276
1224.5	270
1224.0	301
1223.5	291
1223.0	283
1222.5	306
1222.0	274
1221.5	288
1221.0	300
1220.5	311
1220.0	297
1219.5	300
1219.0	293
1218.5	289
1218.0	307
1217.5	276
1217.0	307
1216.5	281
1216.0	271
1215.5	268
1215.0	288
1214.5	288
1214.0	309
1213.5	291
1213.0	309
1212.5	290
1212.0	270
1211.5	285
1211.0	303
1210.5	311
1210.0	294
1209.5	301
1209.0	298
1208.5	320
1208.0	286
1207.5	294
1207.0	295
1206.5	310
1206.0	283
1205.5	291
1205.0	293
1204.5	304
1204.0	321
1203.5	302
1203.0	293
1202.5	270
1202.0	299
1201.5	322
1201.0	314
1200.5	293
1200.0	288
1199.5	286
1199.0	282
1198.5	338
1198.0	315
1197.5	280
1197.0	302
1196.5	298
1196.0	326
1195.5	313
1195.0	312
1194.5	306
1194.0	296
1193.5	272
1193.0	298
1192.5	326
1192.0	311
1191.5	290
1191.0	299
1190.5	290
1190.0	296
1189.5	310
1189.0	296
1188.5	299
1188.0	307
1187.5	285
1187.0	305
1186.5	288
1186.0	301
1185.5	294
1185.0	297
1184.5	247
1184.0	310
1183.5	303
1183.0	293
1182.5	283
1182.0	296
1181.5	290
1181.0	312
1180.5	308
1180.0	323
1179.5	298
1179.0	297
1178.5	296
1178.0	323
1177.5	284
1177.0	322
1176.5	307
1176.0	305
1175.5	310
1175.0	332
1174.5	281
1174.0	321
1173.5	340
1173.0	333
1172.5	315
1172.0	337
1171.5	327
1171.0	318
1170.5	298
1170.0	292
1169.5	323
1169.0	322
1168.5	311
1168.0	291
1167.5	277
1167.0	313
1166.5	292
1166.0	307
1165.5	310
1165.0	312
1164.5	329
1164.0	300
1163.5	318
1163.0	286
1162.5	296
1162.0	321
1161.5	315
1161.0	331
1160.5	319
1160.0	297
1159.5	316
1159.0	336
1158.5	310
1158.0	320
1157.5	304
1157.0	337
1156.5	296
1156.0	286
1155.5	314
1155.0	300
1154.5	318
1154.0	320
1153.5	328
1153.0	320
1152.5	346
1152.0	332
1151.5	336
1151.0	337
1150.5	333
1150.0	322
1149.5	320
1149.0	302
1148.5	323
1148.0	307
1147.5	325
1147.0	308
1146.5	315
1146.0	351
1145.5	312
1145.0	312
1144.5	334
1144.0	342
1143.5	360
1143.0	352
1142.5	326
1142.0	324
1141.5	323
1141.0	314
1140.5	288
1140.0	342
1139.5	331
1139.0	308
1138.5	316
1138.0	320
1137.5	328
1137.0	318
1136.5	305
1136.0	360
1135.5	362
1135.0	324
1134.5	324
1134.0	330
1133.5	321
1133.0	321
1132.5	347
1132.0	344
1131.5	325
1131.0	347
1130.5	304
1130.0	312
1129.5	323
1129.0	340
1128.5	325
1128.0	319
1127.5	333
1127.0	313
1126.5	311
1126.0	319
1125.5	330
1125.0	315
1124.5	329
1124.0	306
1123.5	302
1123.0	342
1122.5	314
1122.0	334
1121.5	340
1121.0	318
1120.5	354
1120.0	371
1119.5	363
1119.0	333
1118.5	334
1118.0	295
1117.5	312
1117.0	349
1116.5	337
1116.0	350
1115.5	340
1115.0	330
1114.5	328
1114.0	317
1113.5	363
1113.0	340
1112.5	346
1112.0	338
1111.5	341
1111.0	340
1110.5	349
1110.0	349
1109.5	352
1109.0	322
1108.5	331
1108.0	333
1107.5	343
1107.0	327
1106.5	341
1106.0	329
1105.5	350
1105.0	338
1104.5	349
1104.0	306
1103.5	345
1103.0	323
1102.5	306
1102.0	342
1101.5	334
1101.0	353
1100.5	356
1100.0	331
1099.5	335
1099.0	330
1098.5	332
1098.0	342
1097.5	360
1097.0	323
1096.5	341
1096.0	341
1095.5	335
1095.0	363
1094.5	363
1094.0	349
1093.5	345
1093.0	353
1092.5	332
1092.0	352
1091.5	332
1091.0	351
1090.5	379
1090.0	362
1089.5	358
1089.0	362
1088.5	350
1088.0	348
1087.5	342
1087.0	369
1086.5	355
1086.0	368
1085.5	354
1085.0	376
1084.5	388
1084.0	375
1083.5	355
1083.0	371
1082.5	356
1082.0	350
1081.5	361
1081.0	367
1080.5	343
1080.0	365
1079.5	348
1079.0	325
1078.5	338
1078.0	376
1077.5	374
1077.0	355
1076.5	335
1076.0	362
1075.5	352
1075.0	307
1074.5	350
1074.0	363
1073.5	360
1073.0	360
1072.5	365
1072.0	347
1071.5	389
1071.0	359
1070.5	365
1070.0	378
1069.5	352
1069.0	382
1068.5	366
1068.0	345
1067.5	370
1067.0	361
1066.5	382
1066.0	345
1065.5	391
1065.0	366
1064.5	381
1064.0	346
1063.5	362
1063.0	344
1062.5	377
1062.0	376
1061.5	368
1061.0	346
1060.5	373
1060.0	392
1059.5	360
1059.0	378
1058.5	360
1058.0	376
1057.5	386
1057.0	373
1056.5	378
1056.0	353
1055.5	367
1055.0	369
1054.5	399
1054.0	378
1053.5	379
1053.0	386
1052.5	395
1052.0	394
1051.5	393
1051.0	386
1050.5	376
1050.0	360
1049.5	355
1049.0	359
1048.5	371
1048.0	376
1047.5	367
1047.0	361
1046.5	349
1046.0	364
1045.5	327
1045.0	365
1044.5	376
1044.0	373
1043.5	378
1043.0	341
1042.5	394
1042.0	377
1041.5	363
1041.0	399
1040.5	399
1040.0	361
1039.5	361
1039.0	363
1038.5	406
1038.0	371
1037.5	337
1037.0	384
1036.5	399
1036.0	374
1035.5	405
1035.0	405
1034.5	404
1034.0	380
1033.5	389
1033.0	358
1032.5	397
1032.0	387
1031.5	397
1031.0	386
1030.5	403
1030.0	390
1029.5	388
1029.0	396
1028.5	408
1028.0	385
1027.5	399
1027.0	369
1026.5	385
1026.0	399
1025.5	420
1025.0	406
1024.5	413
1024.0	378
1023.5	392
1023.0	416
1022.5	410
1022.0	416
1021.5	414
1021.0	385
1020.5	420
1020.0	425
1019.5	410
1019.0	404
1018.5	406
1018.0	417
1017.5	398
1017.0	406
1016.5	418
1016.0	408
1015.5	393
1015.0	452
1014.5	430
1014.0	437
1013.5	400
1013.0	416
1012.5	385
1012.0	402
1011.5	408
1011.0	418
1010.5	408
1010.0	416
1009.5	418
1009.0	429
1008.5	421
1008.0	436
1007.5	454
1007.0	440
1006.5	420
1006.0	447
1005.5	435
1005.0	458
1004.5	413
1004.0	427
1003.5	463
1003.0	484
1002.5	441
1002.0	441
1001.5	460
1001.0	463
1000.5	444
1000.0	458
999.5	459
999.0	460
998.5	381
998.0	402
997.5	406
997.0	418
996.5	404
996.0	402
995.5	428
995.0	415
994.5	429
994.0	385
993.5	354
993.0	351
992.5	376
992.0	391
991.5	382
991.0	378
990.5	391
990.0	399
989.5	384
989.0	398
988.5	397
988.0	395
987.5	382
987.0	390
986.5	418
986.0	424
985.5	439
985.0	469
984.5	470
984.0	491
983.5	510
983.0	524
982.5	519
982.0	520
981.5	533
981.0	581
980.5	610
980.0	582
979.5	576
979.0	551
978.5	471
978.0	491
977.5	481
977.0	404
976.5	420
976.0	419
975.5	384
975.0	396
974.5	350
974.0	373
973.5	358
973.0	346
972.5	301
972.0	339
971.5	331
971.0	301
970.5	286
970.0	300
969.5	289
969.0	276
968.5	254
968.0	261
967.5	254
967.0	273
966.5	255
966.0	269
965.5	263
965.0	223
964.5	256
964.0	232
963.5	253
963.0	253
962.5	249
962.0	217
961.5	232
961.0	233
960.5	255
960.0	226
959.5	268
959.0	249
958.5	248
958.0	246
957.5	248
957.0	249
956.5	244
956.0	241
955.5	253
955.0	259
954.5	242
954.0	276
953.5	248
953.0	250
952.5	271
952.0	246
951.5	244
951.0	258
950.5	244
950.0	269
949.5	280
949.0	278
948.5	242
948.0	242
947.5	213
947.0	238
946.5	230
946.0	227
945.5	253
945.0	242
944.5	243
944.0	237
943.5	270
943.0	229
942.5	253
942.0	259
941.5	227
941.0	256
940.5	246
940.0	253
939.5	241
939.0	270
938.5	248
938.0	272
937.5	254
937.0	231
936.5	248
936.0	246
935.5	266
935.0	246
934.5	245
934.0	275
933.5	256
933.0	249
932.5	255
932.0	250
931.5	268
931.0	263
930.5	250
930.0	249
929.5	240
929.0	278
928.5	253
928.0	246
927.5	232
927.0	198
926.5	230
926.0	250
925.5	256
925.0	250
924.5	241
924.0	252
923.5	251
923.0	246
922.5	262
922.0	241
921.5	266
921.0	258
920.5	253
920.0	239
919.5	267
919.0	240
918.5	253
918.0	246
917.5	266
917.0	281
916.5	241
916.0	240
915.5	257
915.0	214
914.5	222
914.0	266
913.5	249
913.0	252
912.5	239
912.0	238
911.5	263
911.0	241
910.5	238
910.0	246
909.5	228
909.0	252
908.5	270
908.0	251
907.5	260
907.0	263
906.5	233
906.0	273
905.5	260
905.0	253
904.5	254
904.0	273
903.5	231
903.0	235
902.5	254
902.0	233
901.5	266
901.0	244
900.5	246
900.0	244
899.5	237
899.0	259
898.5	265
898.0	265
897.5	253
897.0	255
896.5	276
896.0	251
895.5	237
895.0	265
894.5	262
894.0	226
893.5	231
893.0	214
892.5	250
892.0	268
891.5	245
891.0	279
890.5	252
890.0	260
889.5	264
889.0	239
888.5	256
888.0	249
887.5	241
887.0	257
886.5	249
886.0	253
885.5	265
885.0	225
884.5	253
884.0	245
883.5	268
883.0	270
882.5	258
882.0	217
881.5	263
881.0	269
880.5	252
880.0	243
879.5	244
879.0	244
878.5	257
878.0	268
877.5	275
877.0	254
876.5	261
876.0	261
875.5	276
875.0	253
874.5	245
874.0	250
873.5	229
873.0	256
872.5	282
872.0	284
871.5	269
871.0	279
870.5	268
870.0	278
869.5	244
869.0	273
868.5	248
868.0	228
867.5	256
867.0	221
866.5	232
866.0	264
865.5	261
865.0	249
864.5	244
864.0	228
863.5	232
863.0	250
862.5	252
862.0	243
861.5	272
861.0	245
860.5	234
860.0	289
859.5	245
859.0	258
858.5	268
858.0	257
857.5	279
857.0	260
856.5	257
856.0	286
855.5	282
855.0	294
854.5	267
854.0	296
853.5	290
853.0	266
852.5	290
852.0	275
851.5	251
851.0	243
850.5	223
850.0	223
849.5	215
849.0	216
848.5	208
848.0	211
847.5	227
847.0	229
846.5	205
846.0	218
845.5	228
845.0	225
844.5	226
844.0	247
843.5	231
843.0	257
842.5	241
842.0	217
841.5	251
841.0	219
840.5	228
840.0	230
839.5	220
839.0	217
838.5	235
838.0	243
837.5	247
837.0	237
836.5	231
836.0	208
835.5	242
835.0	237
834.5	219
834.0	218
833.5	232
833.0	231
832.5	216
832.0	231
831.5	234
831.0	226
830.5	269
830.0	228
829.5	245
829.0	254
828.5	231
828.0	216
827.5	210
827.0	214
826.5	230
826.0	238
825.5	234
825.0	232
824.5	228
824.0	221
823.5	227
823.0	210
822.5	222
822.0	223
821.5	236
821.0	227
820.5	242
820.0	222
819.5	221
819.0	240
818.5	248
818.0	233
817.5	226
817.0	211
816.5	222
816.0	212
815.5	217
815.0	241
814.5	221
814.0	226
813.5	235
813.0	239
812.5	211
812.0	234
811.5	221
811.0	214
810.5	221
810.0	230
809.5	215
809.0	237
808.5	239
808.0	233
807.5	254
807.0	243
806.5	205
806.0	216
805.5	218
805.0	231
804.5	220
804.0	215
803.5	223
803.0	226
802.5	189
802.0	208
801.5	240
801.0	252
800.5	215
800.0	228
799.5	216
799.0	234
798.5	265
798.0	232
797.5	239
797.0	221
796.5	231
796.0	241
795.5	225
795.0	214
794.5	232
794.0	247
793.5	239
793.0	258
792.5	239
792.0	250
791.5	238
791.0	253
790.5	234
790.0	225
789.5	216
789.0	224
788.5	220
788.0	249
787.5	229
787.0	208
786.5	240
786.0	234
785.5	230
785.0	224
784.5	266
784.0	255
783.5	239
783.0	228
782.5	241
782.0	247
781.5	249
781.0	232
780.5	214
780.0	227
779.5	244
779.0	232
778.5	231
778.0	241
777.5	236
777.0	250
776.5	230
776.0	227
775.5	228
775.0	220
774.5	254
774.0	239
773.5	236
773.0	218
772.5	243
772.0	217
771.5	228
771.0	234
770.5	235
770.0	223
769.5	227
769.0	232
768.5	232
768.0	240
767.5	204
767.0	254
766.5	242
766.0	227
765.5	236
765.0	232
764.5	248
764.0	244
763.5	223
763.0	220
762.5	225
762.0	216
761.5	218
761.0	238
760.5	234
760.0	210
759.5	243
759.0	238
758.5	224
758.0	200
757.5	226
757.0	229
756.5	229
756.0	249
755.5	234
755.0	229
754.5	234
754.0	237
753.5	216
753.0	242
752.5	210
752.0	246
751.5	218
751.0	242
750.5	241
750.0	244
749.5	259
749.0	225
748.5	213
748.0	238
747.5	228
747.0	220
746.5	228
746.0	226
745.5	217
745.0	225
744.5	226
744.0	233
743.5	234
743.0	219
742.5	248
742.0	229
741.5	210
741.0	211
740.5	225
740.0	233
739.5	203
739.0	210
738.5	228
738.0	200
737.5	227
737.0	215
736.5	254
736.0	238
735.5	225
735.0	237
734.5	213
734.0	219
733.5	251
733.0	238
732.5	226
732.0	230
731.5	209
731.0	251
730.5	260
730.0	229
729.5	237
729.0	241
728.5	231
728.0	223
727.5	234
727.0	240
726.5	253
726.0	233
725.5	220
725.0	217
724.5	245
724.0	233
723.5	253
723.0	249
722.5	228
722.0	243
721.5	232
721.0	244
720.5	247
720.0	228
719.5	249
719.0	239
718.5	245
718.0	238
717.5	230
717.0	245
716.5	232
716.0	220
715.5	241
715.0	262
714.5	234
714.0	266
713.5	251
713.0	220
712.5	241
712.0	230
711.5	255
711.0	229
710.5	251
710.0	259
709.5	254
709.0	241
708.5	213
708.0	233
707.5	212
707.0	239
706.5	218
706.0	246
705.5	247
705.0	231
704.5	237
704.0	222
703.5	231
703.0	235
702.5	248
702.0	226
701.5	247
701.0	223
700.5	224
700.0	220
699.5	197
699.0	225
698.5	229
698.0	222
697.5	218
697.0	235
696.5	242
696.0	222
695.5	230
695.0	236
694.5	239
694.0	234
693.5	240
693.0	246
692.5	242
692.0	248
691.5	222
691.0	227
690.5	261
690.0	261
689.5	212
689.0	214
688.5	237
688.0	241
687.5	231
687.0	221
686.5	243
686.0	222
685.5	225
685.0	231
684.5	228
684.0	242
683.5	238
683.0	229
682.5	215
682.0	238
681.5	225
681.0	238
680.5	233
680.0	232
679.5	223
679.0	245
678.5	236
678.0	231
677.5	263
677.0	228
676.5	240
676.0	249
675.5	236
675.0	215
674.5	238
674.0	252
673.5	233
673.0	230
672.5	220
672.0	239
671.5	234
671.0	239
670.5	241
670.0	234
669.5	252
669.0	253
668.5	229
668.0	241
667.5	218
667.0	240
666.5	234
666.0	235
665.5	228
665.0	272
664.5	237
664.0	254
663.5	248
663.0	226
662.5	243
662.0	229
661.5	230
661.0	218
660.5	213
660.0	227
659.5	238
659.0	228
658.5	264
658.0	264
657.5	227
657.0	266
656.5	242
656.0	234
655.5	260
655.0	256
654.5	269
654.0	259
653.5	237
653.0	228
652.5	228
652.0	246
651.5	247
651.0	258
650.5	252
650.0	245
649.5	247
649.0	221
648.5	232
648.0	253
647.5	258
647.0	232
646.5	243
646.0	238
645.5	243
645.0	253
644.5	231
644.0	220
643.5	240
643.0	249
642.5	244
642.0	256
641.5	271
641.0	243
640.5	250
640.0	250
639.5	240
639.0	271
638.5	250
638.0	233
637.5	254
637.0	244
636.5	205
636.0	221
635.5	224
635.0	250
634.5	239
634.0	228
633.5	246
633.0	239
632.5	260
632.0	227
631.5	237
631.0	222
630.5	234
630.0	241
629.5	255
629.0	232
628.5	243
628.0	237
627.5	228
627.0	219
626.5	254
626.0	257
625.5	275
625.0	235
624.5	247
624.0	252
623.5	238
623.0	252
622.5	242
622.0	248
621.5	212
621.0	226
620.5	278
620.0	276
619.5	235
619.0	248
618.5	228
618.0	237
617.5	231
617.0	258
616.5	240
616.0	237
615.5	255
615.0	242
614.5	215
614.0	243
613.5	255
613.0	261
612.5	231
612.0	214
611.5	231
611.0	235
610.5	251
610.0	246
609.5	227
609.0	250
608.5	237
608.0	248
607.5	237
607.0	239
606.5	235
606.0	272
605.5	230
605.0	256
604.5	238
604.0	219
603.5	243
603.0	240
602.5	249
602.0	236
601.5	257
601.0	263
600.5	238
600.0	256
599.5	262
599.0	251
598.5	234
598.0	255
597.5	254
597.0	243
596.5	245
596.0	265
595.5	265
595.0	243
594.5	263
594.0	258
593.5	235
593.0	242
592.5	246
592.0	254
591.5	237
591.0	262
590.5	231
590.0	229
589.5	266
589.0	255
588.5	249
588.0	261
587.5	236
587.0	249
586.5	258
586.0	251
585.5	271
585.0	245
584.5	263
584.0	264
583.5	253
583.0	268
582.5	246
582.0	247
581.5	232
581.0	242
580.5	257
580.0	256
579.5	252
579.0	264
578.5	241
578.0	246
577.5	240
577.0	218
576.5	252
576.0	243
575.5	259
575.0	261
574.5	219
574.0	243
573.5	266
573.0	240
572.5	245
572.0	249
571.5	282
571.0	251
570.5	244
570.0	249
569.5	299
569.0	269
568.5	238
568.0	247
567.5	247
567.0	245
566.5	236
566.0	224
565.5	241
565.0	278
564.5	228
564.0	223
563.5	252
563.0	264
562.5	270
562.0	252
561.5	264
561.0	256
560.5	311
560.0	294
559.5	315
559.0	310
558.5	281
558.0	305
557.5	306
557.0	336
556.5	302
556.0	328
555.5	294
555.0	308
554.5	302
554.0	307
553.5	347
553.0	308
552.5	294
552.0	301
551.5	255
551.0	247
550.5	225
550.0	226
549.5	223
549.0	227
548.5	211
548.0	228
547.5	224
547.0	223
546.5	217
546.0	202
545.5	200
545.0	183
544.5	173
544.0	171
543.5	167
543.0	146
542.5	136
542.0	103
541.5	91
541.0	80
540.5	69
540.0	67
539.5	66
539.0	84
538.5	78
538.0	73
537.5	63
537.0	69
536.5	66
536.0	90
535.5	135
535.0	182
534.5	307
534.0	596
533.5	1060
533.0	1643
532.5	2148
532.0	2242
531.5	1724
531.0	1076
530.5	511
530.0	232
529.5	130
529.0	89
528.5	82
528.0	70
527.5	76
527.0	83
526.5	67
526.0	68
525.5	48
525.0	51
524.5	64
524.0	71
523.5	64
523.0	62
522.5	56
522.0	64
521.5	64
521.0	65
520.5	58
520.0	54
519.5	53
519.0	59
518.5	64
518.0	62
517.5	69
517.0	60
516.5	47
516.0	54
515.5	56
515.0	62
514.5	71
514.0	75
513.5	62
513.0	62
512.5	61
512.0	59
511.5	66
511.0	62
510.5	58
510.0	51
509.5	38
509.0	54
508.5	57
508.0	58
507.5	53
507.0	61
506.5	59
506.0	67
505.5	61
505.0	75
504.5	59
504.0	57
503.5	64
503.0	63
502.5	53
502.0	46
501.5	74
501.0	58
500.5	69
500.0	71
499.5	72
499.0	78
498.5	70
498.0	60
497.5	65
497.0	58
496.5	66
496.0	58
495.5	51
495.0	42
494.5	57
494.0	58
493.5	64
493.0	53
492.5	61
492.0	57
491.5	46
491.0	56
490.5	51
490.0	47
489.5	45
489.0	71
488.5	56
488.0	70
487.5	65
487.0	78
486.5	58
486.0	47
485.5	46
485.0	52
484.5	60
484.0	54
483.5	58
483.0	59
482.5	47
482.0	51
481.5	50
481.0	65
480.5	59
480.0	53
479.5	62
479.0	57
478.5	63
478.0	70
477.5	63
477.0	59
476.5	64
476.0	48
475.5	43
475.0	67
474.5	61
474.0	61
473.5	69
473.0	63
472.5	57
472.0	60
471.5	57
471.0	55
470.5	56
470.0	52
469.5	67
469.0	73
468.5	68
468.0	66
467.5	64
467.0	44
466.5	65
466.0	65
465.5	62
465.0	72
464.5	62
464.0	63
463.5	65
463.0	61
462.5	62
462.0	66
461.5	55
461.0	75
460.5	65
460.0	63
459.5	60
459.0	56
458.5	68
458.0	56
457.5	52
457.0	54
456.5	69
456.0	51
455.5	45
455.0	47
454.5	65
454.0	60
453.5	67
453.0	67
452.5	72
452.0	81
451.5	78
451.0	67
450.5	52
450.0	56
449.5	51
449.0	49
448.5	67
448.0	59
447.5	64
447.0	57
446.5	73
446.0	77
445.5	87
445.0	95
444.5	83
444.0	61
443.5	75
443.0	60
442.5	55
442.0	56
441.5	55
441.0	53
440.5	57
440.0	57
439.5	49
439.0	49
438.5	57
438.0	47
437.5	52
437.0	65
436.5	58
436.0	49
435.5	65
435.0	60
434.5	65
434.0	63
433.5	48
433.0	60
432.5	46
432.0	48
431.5	57
431.0	53
430.5	55
430.0	46
429.5	49
429.0	42
428.5	63
428.0	55
427.5	41
427.0	50
426.5	51
426.0	57
425.5	66
425.0	43
424.5	38
424.0	51
423.5	53
423.0	63
422.5	45
422.0	54
421.5	55
421.0	51
420.5	54
420.0	59
419.5	61
419.0	46
418.5	61
418.0	47
417.5	41
417.0	54
416.5	47
416.0	65
415.5	52
415.0	60
414.5	59
414.0	49
413.5	47
413.0	56
412.5	53
412.0	48
411.5	46
411.0	47
410.5	54
410.0	45
409.5	51
409.0	48
408.5	53
408.0	49
407.5	55
407.0	56
406.5	65
406.0	54
405.5	47
405.0	51
404.5	55
404.0	56
403.5	60
403.0	41
402.5	38
402.0	52
401.5	56
401.0	55
400.5	46
400.0	57
399.5	57
399.0	57
398.5	31
398.0	53
397.5	56
397.0	57
396.5	44
396.0	41
395.5	61
395.0	59
394.5	43
394.0	57
393.5	42
393.0	62
392.5	67
392.0	61
391.5	58
391.0	56
390.5	50
390.0	58
389.5	52
389.0	49
388.5	34
388.0	47
387.5	44
387.0	57
386.5	45
386.0	53
385.5	52
385.0	51
384.5	48
384.0	59
383.5	50
383.0	51
382.5	67
382.0	57
381.5	46
381.0	50
380.5	53
380.0	60
379.5	54
379.0	59
378.5	59
378.0	52
377.5	62
377.0	62
376.5	50
376.0	55
375.5	47
375.0	46
374.5	56
374.0	49
373.5	56
373.0	72
372.5	47
372.0	60
371.5	41
371.0	49
370.5	62
370.0	50
369.5	49
369.0	53
368.5	55
368.0	42
367.5	41
367.0	39
366.5	58
366.0	48
365.5	44
365.0	51
364.5	49
364.0	46
363.5	47
363.0	44
362.5	50
362.0	42
361.5	48
361.0	54
360.5	46
360.0	54
359.5	45
359.0	56
358.5	50
358.0	53
357.5	51
357.0	49
356.5	49
356.0	47
355.5	65
355.0	60
354.5	58
354.0	54
353.5	50
353.0	46
352.5	49
352.0	56
351.5	53
351.0	53
350.5	58
350.0	56
349.5	47
349.0	60
348.5	49
348.0	55
347.5	60
347.0	57
346.5	48
346.0	56
345.5	60
345.0	48
344.5	36
344.0	51
343.5	60
343.0	59
342.5	56
342.0	55
341.5	58
341.0	51
340.5	66
340.0	53
339.5	54
339.0	45
338.5	46
338.0	54
337.5	48
337.0	51
336.5	52
336.0	50
335.5	49
335.0	50
334.5	41
334.0	45
333.5	53
333.0	48
332.5	53
332.0	53
331.5	47
331.0	44
330.5	50
330.0	68
329.5	55
329.0	48
328.5	54
328.0	57
327.5	58
327.0	53
326.5	38
326.0	54
325.5	59
325.0	41
324.5	53
324.0	55
323.5	60
323.0	59
322.5	57
322.0	47
321.5	55
321.0	49
320.5	51
320.0	53
319.5	53
319.0	43
318.5	57
318.0	65
317.5	65
317.0	58
316.5	59
316.0	62
315.5	61
315.0	60
314.5	46
314.0	55
313.5	48
313.0	49
312.5	45
312.0	48
311.5	55
311.0	60
310.5	49
310.0	50
309.5	51
309.0	60
308.5	56
308.0	54
307.5	67
307.0	60
306.5	61
306.0	47
305.5	52
305.0	55
304.5	59
304.0	67
303.5	50
303.0	57
302.5	48
302.0	59
301.5	51
301.0	44
300.5	49
300.0	61
299.5	59
299.0	49
298.5	64
298.0	68
297.5	53
297.0	62
296.5	57
296.0	59
295.5	50
295.0	48
294.5	52
294.0	52
293.5	53
293.0	51
292.5	46
292.0	57
291.5	47
291.0	55
290.5	53
290.0	46
289.5	56
289.0	48
288.5	48
288.0	56
287.5	53
287.0	59
286.5	60
286.0	55
285.5	48
285.0	47
284.5	56
284.0	49
283.5	51
283.0	57
282.5	54
282.0	55
281.5	61
281.0	59
280.5	63
280.0	50
279.5	51
279.0	42
278.5	46
278.0	58
277.5	50
277.0	56
276.5	50
276.0	44
275.5	52
275.0	47
274.5	52
274.0	47
273.5	55
273.0	66
272.5	53
272.0	57
271.5	52
271.0	59
270.5	68
270.0	63
269.5	51
269.0	59
268.5	57
268.0	52
267.5	53
267.0	51
266.5	47
266.0	56
265.5	54
265.0	56
264.5	43
264.0	46
263.5	41
263.0	54
262.5	55
262.0	53
261.5	64
261.0	63
260.5	53
260.0	52
259.5	54
259.0	66
258.5	57
258.0	48
257.5	56
257.0	50
256.5	49
256.0	46
255.5	59
255.0	59
254.5	52
254.0	55
253.5	40
253.0	61
252.5	47
252.0	49
251.5	56
251.0	60
250.5	54
250.0	52
249.5	54
249.0	47
248.5	44
248.0	51
247.5	67
247.0	69
246.5	62
246.0	50
245.5	49
245.0	41
244.5	62
244.0	50
243.5	63
243.0	62
242.5	58
242.0	54
241.5	57
241.0	62
240.5	66
240.0	48
239.5	51
239.0	44
238.5	51
238.0	55
237.5	52
237.0	55
236.5	56
236.0	42
235.5	53
235.0	64
234.5	61
234.0	64
233.5	57
233.0	46
232.5	41
232.0	53
231.5	54
231.0	57
230.5	61
230.0	56
229.5	54
229.0	47
228.5	57
228.0	52
227.5	62
227.0	59
226.5	54
226.0	65
225.5	54
225.0	60
224.5	65
224.0	55
223.5	61
223.0	60
222.5	56
222.0	66
221.5	65
221.0	63
220.5	59
220.0	57
219.5	58
219.0	62
218.5	60
218.0	64
217.5	49
217.0	54
216.5	71
216.0	65
215.5	64
215.0	57
214.5	55
214.0	53
213.5	58
213.0	54
212.5	48
212.0	60
211.5	72
211.0	63
210.5	63
210.0	57
209.5	64
209.0	59
208.5	60
208.0	53
207.5	58
207.0	59
206.5	66
206.0	51
205.5	56
205.0	52
204.5	64
204.0	58
203.5	74
203.0	52
202.5	59
202.0	53
201.5	74
201.0	58
200.5	56
200.0	63
199.5	54
199.0	63
198.5	59
198.0	58
197.5	67
197.0	74
196.5	65
196.0	61
195.5	55
195.0	68
194.5	68
194.0	78
193.5	72
193.0	59
192.5	52
192.0	66
191.5	71
191.0	69
190.5	55
190.0	64
189.5	63
189.0	55
188.5	67
188.0	70
187.5	52
187.0	53
186.5	64
186.0	68
185.5	64
185.0	68
184.5	57
184.0	57
183.5	64
183.0	66
182.5	60
182.0	63
181.5	63
181.0	81
180.5	73
180.0	67
179.5	58
179.0	72
178.5	72
178.0	65
177.5	77
177.0	90
176.5	83
176.0	82
175.5	79
175.0	83
174.5	69
174.0	88
173.5	72
173.0	69
172.5	84
172.0	96
171.5	68
171.0	63
170.5	60
170.0	63
169.5	77
169.0	68
168.5	57
168.0	67
167.5	72
167.0	61
166.5	56
166.0	58
165.5	70
165.0	62
164.5	59
164.0	66
163.5	60
163.0	45
162.5	46
162.0	53
161.5	50
161.0	58
160.5	62
160.0	60
159.5	41
159.0	55
158.5	54
158.0	58
157.5	56
157.0	74
156.5	90
156.0	131
155.5	177
155.0	210
154.5	276
154.0	322
153.5	306
153.0	250
152.5	198
152.0	147
151.5	90
151.0	82
150.5	61
150.0	59
149.5	48
149.0	35
148.5	31
148.0	55
147.5	45
147.0	44
146.5	43
146.0	39
145.5	36
145.0	37
144.5	49
144.0	33
143.5	43
143.0	43
142.5	33
142.0	34
141.5	34
141.0	25
140.5	36
140.0	37
139.5	29
139.0	48
138.5	39
138.0	33
137.5	39
137.0	47
136.5	36
136.0	35
135.5	31
135.0	30
134.5	44
134.0	26
133.5	42
133.0	35
132.5	31
132.0	33
131.5	50
131.0	39
130.5	35
130.0	33
129.5	46
129.0	47
128.5	53
128.0	39
127.5	40
127.0	41
126.5	38
126.0	39
125.5	53
125.0	44
124.5	47
124.0	47
123.5	41
123.0	41
122.5	53
122.0	52
121.5	49
121.0	41
120.5	45
120.0	42
119.5	48
119.0	27
118.5	37
118.0	39
117.5	41
117.0	38
116.5	27
116.0	22
115.5	35
115.0	28
114.5	25
114.0	25
113.5	25
113.0	23
112.5	24
112.0	20
111.5	16
111.0	14
110.5	9
110.0	12
109.5	20
109.0	12
108.5	14
108.0	18
107.5	10
107.0	14
106.5	18
106.0	18
105.5	23
105.0	47
104.5	81
104.0	171
103.5	256
103.0	323
102.5	304
102.0	234
101.5	146
101.0	69
100.5	32
100.0	12
99.5	11
99.0	13
98.5	15
98.0	16
97.5	10
97.0	12
96.5	14
96.0	10
95.5	13
95.0	12
94.5	15
94.0	15
93.5	17
93.0	10
92.5	15
92.0	14
91.5	13
91.0	9
90.5	18
90.0	12
89.5	15
89.0	14
88.5	13
88.0	13
87.5	8
87.0	14
86.5	10
86.0	12
85.5	9
85.0	12
84.5	18
84.0	10
83.5	10
83.0	12
82.5	16
82.0	15
81.5	16
81.0	16
80.5	11
80.0	13
79.5	18
79.0	18
78.5	11
78.0	8
77.5	15
77.0	11
76.5	14
76.0	14
75.5	9
75.0	11
74.5	12
74.0	10
73.5	16
73.0	18
72.5	20
72.0	15
71.5	12
71.0	11
70.5	13
70.0	11
69.5	11
69.0	15
68.5	16
68.0	22
67.5	18
67.0	19
66.5	15
66.0	17
65.5	12
65.0	9
64.5	9
64.0	19
63.5	18
63.0	12
62.5	12
62.0	14
61.5	9
61.0	15
60.5	10
60.0	13
59.5	11
59.0	8
58.5	16
58.0	8
57.5	12
57.0	8
56.5	8
56.0	13
55.5	7
55.0	11
54.5	13
54.0	13
53.5	9
53.0	16
52.5	17
52.0	14
51.5	14
51.0	14
50.5	17
50.0	10
49.5	20
49.0	15
48.5	13
48.0	9
47.5	12
47.0	15
46.5	12
46.0	9
45.5	12
45.0	16
44.5	10
44.0	15
43.5	18
43.0	11
42.5	10
42.0	8
41.5	10
41.0	12
40.5	17
40.0	11
39.5	14
39.0	11
38.5	8
38.0	6
37.5	9
37.0	10
36.5	10
36.0	13
35.5	8
35.0	13
34.5	13
34.0	12
33.5	11
33.0	11
32.5	14
32.0	11
31.5	16
31.0	11
30.5	12
30.0	13
29.5	18
29.0	21
28.5	20
28.0	19
27.5	27
27.0	30
26.5	35
26.0	38
25.5	61
25.0	52
24.5	45
24.0	34
23.5	43
23.0	29
22.5	19
22.0	18
21.5	10
21.0	7
20.5	1
20.0	1
19.5	3
19.0	1
18.5	1
18.0	4
17.5	2
17.0	4
16.5	2
16.0	2
15.5	7
15.0	9
14.5	8
14.0	8
13.5	10
13.0	13
12.5	11
12.0	11
11.5	10
11.0	8
10.5	9
10.0	8
9.5	6
9.0	12
8.5	4
8.0	15
7.5	14
7.0	13
6.5	12
6.0	15
5.5	11
5.0	12
4.5	3
4.0	6
3.5	5
3.0	4
2.5	4
2.0	1
1.5	1
1.0	2
0.5	4
0.0	3
Region	Enabled	DataFlag	Start	End	Step	Sweeps	Dwell	Mode	CAE/CRR	Mag	Divide by Ten	Notes	Function	Line-Style	Point-Style	Sweeps-Acquired
2	true	Original	545.000	525.000	-0.100	2	0.200	CAE	50.00	High	false	O	7 Channel Acquisition			2
Layer	Enabled	DataFlag	Notes	Formula	Line-Style	Point-Style
1	True		Ch(1)+Ch(2)+Ch(3)+Ch(4)+Ch(5)+Ch(6)+Ch(7)		
Energy	Counts
545.000	354
544.900	379
544.800	386
544.700	367
544.600	345
544.500	351
544.400	352
544.300	338
544.200	334
544.100	354
544.000	359
543.900	341
543.800	308
543.700	327
543.600	311
543.500	319
543.400	285
543.300	283
543.200	297
543.100	306
543.000	288
542.900	286
542.800	291
542.700	268
542.600	251
542.500	249
542.400	228
542.300	222
542.200	221
542.100	229
542.000	208
541.900	208
541.800	214
541.700	205
541.600	209
541.500	218
541.400	187
541.300	176
541.200	189
541.100	181
541.000	157
540.900	159
540.800	140
540.700	133
540.600	177
540.500	171
540.400	155
540.300	130
540.200	131
540.100	150
540.000	150
539.900	126
539.800	141
539.700	133
539.600	142
539.500	162
539.400	151
539.300	138
539.200	147
539.100	132
539.000	130
538.900	150
538.800	159
538.700	141
538.600	157
538.500	147
538.400	140
538.300	131
538.200	145
538.100	142
538.000	133
537.900	140
537.800	128
537.700	133
537.600	136
537.500	141
537.400	147
537.300	126
537.200	138
537.100	147
537.000	143
536.900	146
536.800	139
536.700	149
536.600	155
536.500	142
536.400	149
536.300	136
536.200	157
536.100	155
536.000	159
535.900	169
535.800	167
535.700	185
535.600	190
535.500	205
535.400	228
535.300	243
535.200	255
535.100	284
535.000	345
534.900	353
534.800	418
534.700	446
534.600	492
534.500	575
534.400	667
534.300	763
534.200	885
534.100	1016
534.000	1090
533.900	1211
533.800	1382
533.700	1577
533.600	1820
533.500	1971
533.400	2209
533.300	2383
533.200	2718
533.100	2938
533.000	3217
532.900	3402
532.800	3650
532.700	3897
532.600	4054
532.500	4159
532.400	4358
532.300	4483
532.200	4584
532.100	4427
532.000	4387
531.900	4313
531.800	4165
531.700	4109
531.600	3912
531.500	3659
531.400	3394
531.300	3061
531.200	2790
531.100	2539
531.000	2241
530.900	1977
530.800	1695
530.700	1454
530.600	1277
530.500	1121
530.400	942
530.300	772
530.200	626
530.100	544
530.000	449
529.900	398
529.800	370
529.700	332
529.600	266
529.500	287
529.400	251
529.300	221
529.200	209
529.100	199
529.000	203
528.900	192
528.800	176
528.700	171
528.600	164
528.500	150
528.400	151
528.300	163
528.200	171
528.100	150
528.000	149
527.900	138
527.800	148
527.700	145
527.600	142
527.500	142
527.400	140
527.300	142
527.200	130
527.100	127
527.000	132
526.900	138
526.800	137
526.700	124
526.600	126
526.500	139
526.400	132
526.300	120
526.200	126
526.100	129
526.000	129
525.900	121
525.800	128
525.700	122
525.600	137
525.500	142
525.400	126
525.300	110
525.200	121
525.100	115
525.000	128
Region	Enabled	DataFlag	Start	End	Step	Sweeps	Dwell	Mode	CAE/CRR	Mag	Divide by Ten	Notes	Function	Line-Style	Point-Style	Sweeps-Acquired
3	true	Original	275.000	295.000	0.100	10	0.200	CAE	50.00	High	false	c	7 Channel Acquisition			10
Layer	Enabled	DataFlag	Notes	Formula	Line-Style	Point-Style
1	True		Ch(1)+Ch(2)+Ch(3)+Ch(4)+Ch(5)+Ch(6)+Ch(7)		
Energy	Counts
275.000	544
275.100	501
275.200	508
275.300	524
275.400	518
275.500	506
275.600	514
275.700	510
275.800	500
275.900	510
276.000	504
276.100	494
276.200	460
276.300	472
276.400	503
276.500	518
276.600	531
276.700	529
276.800	487
276.900	498
277.000	518
277.100	526
277.200	519
277.300	525
277.400	514
277.500	535
277.600	533
277.700	512
277.800	539
277.900	529
278.000	535
278.100	528
278.200	532
278.300	544
278.400	541
278.500	525
278.600	517
278.700	496
278.800	530
278.900	525
279.000	528
279.100	505
279.200	500
279.300	498
279.400	522
279.500	492
279.600	499
279.700	485
279.800	504
279.900	548
280.000	525
280.100	507
280.200	503
280.300	514
280.400	549
280.500	531
280.600	497
280.700	481
280.800	512
280.900	532
281.000	520
281.100	526
281.200	521
281.300	545
281.400	537
281.500	544
281.600	559
281.700	514
281.800	513
281.900	510
282.000	509
282.100	524
282.200	536
282.300	532
282.400	544
282.500	551
282.600	537
282.700	532
282.800	526
282.900	538
283.000	541
283.100	533
283.200	562
283.300	552
283.400	540
283.500	560
283.600	568
283.700	536
283.800	508
283.900	514
284.000	513
284.100	520
284.200	546
284.300	545
284.400	535
284.500	539
284.600	520
284.700	517
284.800	538
284.900	558
285.000	526
285.100	555
285.200	579
285.300	536
285.400	531
285.500	572
285.600	561
285.700	542
285.800	565
285.900	536
286.000	542
286.100	555
286.200	551
286.300	517
286.400	551
286.500	532
286.600	501
286.700	516
286.800	521
286.900	527
287.000	540
287.100	534
287.200	538
287.300	546
287.400	517
287.500	513
287.600	501
287.700	541
287.800	534
287.900	503
288.000	524
288.100	542
288.200	521
288.300	517
288.400	537
288.500	542
288.600	531
288.700	543
288.800	527
288.900	512
289.000	558
289.100	574
289.200	536
289.300	544
289.400	540
289.500	550
289.600	560
289.700	522
289.800	541
289.900	529
290.000	534
290.100	516
290.200	509
290.300	548
290.400	512
290.500	525
290.600	519
290.700	507
290.800	481
290.900	502
291.000	497
291.100	511
291.200	527
291.300	536
291.400	491
291.500	510
291.600	564
291.700	538
291.800	519
291.900	532
292.000	559
292.100	519
292.200	521
292.300	537
292.400	523
292.500	527
292.600	523
292.700	523
292.800	537
292.900	522
293.000	513
293.100	557
293.200	570
293.300	551
293.400	540
293.500	545
293.600	520
293.700	512
293.800	526
293.900	555
294.000	543
294.100	542
294.200	536
294.300	535
294.400	515
294.500	533
294.600	530
294.700	505
294.800	517
294.900	530
295.000	515
Region	Enabled	DataFlag	Start	End	Step	Sweeps	Dwell	Mode	CAE/CRR	Mag	Divide by Ten	Notes	Function	Line-Style	Point-Style	Sweeps-Acquired
4	true	Original	110.000	90.000	-0.100	5	0.200	CAE	50.00	High	false	Si	7 Channel Acquisition			5
Layer	Enabled	DataFlag	Notes	Formula	Line-Style	Point-Style
1	True		Ch(1)+Ch(2)+Ch(3)+Ch(4)+Ch(5)+Ch(6)+Ch(7)		
Energy	Counts
110.000	87
109.900	72
109.800	70
109.700	73
109.600	77
109.500	74
109.400	81
109.300	73
109.200	76
109.100	68
109.000	65
108.900	79
108.800	81
108.700	74
108.600	76
108.500	80
108.400	70
108.300	62
108.200	73
108.100	72
108.000	74
107.900	73
107.800	76
107.700	72
107.600	58
107.500	55
107.400	71
107.300	71
107.200	82
107.100	82
107.000	83
106.900	72
106.800	80
106.700	65
106.600	73
106.500	80
106.400	73
106.300	77
106.200	83
106.100	85
106.000	89
105.900	91
105.800	94
105.700	89
105.600	114
105.500	141
105.400	131
105.300	141
105.200	169
105.100	155
105.000	181
104.900	227
104.800	277
104.700	287
104.600	352
104.500	420
104.400	468
104.300	500
104.200	599
104.100	665
104.000	780
103.900	830
103.800	868
103.700	964
103.600	1100
103.500	1159
103.400	1293
103.300	1331
103.200	1425
103.100	1486
103.000	1514
102.900	1569
102.800	1599
102.700	1596
102.600	1556
102.500	1585
102.400	1599
102.300	1507
102.200	1385
102.100	1305
102.000	1239
101.900	1159
101.800	1073
101.700	958
101.600	867
101.500	727
101.400	602
101.300	574
101.200	497
101.100	443
101.000	369
100.900	302
100.800	256
100.700	222
100.600	185
100.500	151
100.400	128
100.300	120
100.200	105
100.100	102
100.000	94
99.900	89
99.800	94
99.700	75
99.600	82
99.500	58
99.400	76
99.300	64
99.200	79
99.100	73
99.000	61
98.900	65
98.800	72
98.700	64
98.600	60
98.500	64
98.400	71
98.300	75
98.200	58
98.100	75
98.000	69
97.900	64
97.800	69
97.700	72
97.600	70
97.500	66
97.400	65
97.300	61
97.200	65
97.100	67
97.000	62
96.900	65
96.800	54
96.700	57
96.600	69
96.500	66
96.400	62
96.300	65
96.200	75
96.100	57
96.000	52
95.900	69
95.800	76
95.700	60
95.600	56
95.500	63
95.400	58
95.300	61
95.200	67
95.100	58
95.000	64
94.900	65
94.800	68
94.700	53
94.600	64
94.500	56
94.400	51
94.300	63
94.200	60
94.100	64
94.000	67
93.900	66
93.800	63
93.700	64
93.600	56
93.500	58
93.400	62
93.300	65
93.200	65
93.100	61
93.000	47
92.900	61
92.800	59
92.700	52
92.600	64
92.500	63
92.400	63
92.300	59
92.200	64
92.100	58
92.000	65
91.900	64
91.800	56
91.700	64
91.600	70
91.500	64
91.400	64
91.300	64
91.200	62
91.100	64
91.000	71
90.900	74
90.800	71
90.700	61
90.600	63
90.500	70
90.400	68
90.300	59
90.200	58
90.100	64
90.000	60
Region	Enabled	DataFlag	Start	End	Step	Sweeps	Dwell	Mode	CAE/CRR	Mag	Divide by Ten	Notes	Function	Line-Style	Point-Style	Sweeps-Acquired
5	true	Original	890.000	840.000	-0.100	40	0.200	CAE	50.00	High	false	Ni	7 Channel Acquisition			40
Layer	Enabled	DataFlag	Notes	Formula	Line-Style	Point-Style
1	True		Ch(1)+Ch(2)+Ch(3)+Ch(4)+Ch(5)+Ch(6)+Ch(7)		
Energy	Counts
890.000	10816
889.900	10622
889.800	10645
889.700	10612
889.600	10709
889.500	10755
889.400	10818
889.300	10754
889.200	10686
889.100	10599
889.000	10612
888.900	10748
888.800	10850
888.700	10620
888.600	10685
888.500	10579
888.400	10509
888.300	10659
888.200	10723
888.100	10771
888.000	10692
887.900	10680
887.800	10738
887.700	10586
887.600	10831
887.500	10824
887.400	10632
887.300	10774
887.200	10788
887.100	10644
887.000	10799
886.900	10963
886.800	10886
886.700	10699
886.600	10700
886.500	10786
886.400	10722
886.300	10799
886.200	10708
886.100	10786
886.000	10819
885.900	10702
885.800	10663
885.700	10689
885.600	10716
885.500	10739
885.400	10842
885.300	10853
885.200	10874
885.100	10757
885.000	10808
884.900	10893
884.800	10848
884.700	10804
884.600	10728
884.500	10809
884.400	10979
884.300	10960
884.200	10836
884.100	10861
884.000	10880
883.900	10791
883.800	10896
883.700	10850
883.600	10894
883.500	10908
883.400	10927
883.300	10936
883.200	10832
883.100	10862
883.000	10870
882.900	10823
882.800	10748
882.700	10784
882.600	10868
882.500	10759
882.400	10812
882.300	10826
882.200	10819
882.100	10842
882.000	10866
881.900	10965
881.800	10834
881.700	10907
881.600	10907
881.500	10950
881.400	10871
881.300	10753
881.200	10901
881.100	10890
881.000	10803
880.900	10780
880.800	10921
880.700	10843
880.600	10801
880.500	10949
880.400	10748
880.300	10823
880.200	10881
880.100	11018
880.000	11054
879.900	10840
879.800	10928
879.700	11109
879.600	11083
879.500	10938
879.400	10814
879.300	10824
879.200	10944
879.100	10955
879.000	10870
878.900	10963
878.800	10939
878.700	10962
878.600	10871
878.500	10864
878.400	10822
878.300	10953
878.200	10865
878.100	10850
878.000	10788
877.900	10635
877.800	10731
877.700	10811
877.600	10863
877.500	10903
877.400	11001
877.300	10919
877.200	10899
877.100	11019
877.000	10973
876.900	10744
876.800	10913
876.700	10913
876.600	11059
876.500	11044
876.400	10952
876.300	11047
876.200	11027
876.100	11025
876.000	11115
875.900	11046
875.800	10933
875.700	11066
875.600	11104
875.500	11018
875.400	10957
875.300	11009
875.200	11006
875.100	11086
875.000	11117
874.900	11188
874.800	11051
874.700	11065
874.600	11029
874.500	11164
874.400	11182
874.300	11083
874.200	11092
874.100	11127
874.000	11233
873.900	11177
873.800	11157
873.700	11198
873.600	11174
873.500	11238
873.400	11243
873.300	11078
873.200	11143
873.100	11284
873.000	11192
872.900	11152
872.800	11078
872.700	11121
872.600	11090
872.500	11194
872.400	11178
872.300	11062
872.200	11122
872.100	11193
872.000	11440
871.900	11259
871.800	11124
871.700	11146
871.600	11212
871.500	11312
871.400	11371
871.300	11239
871.200	11257
871.100	11432
871.000	11366
870.900	11348
870.800	11360
870.700	11274
870.600	11408
870.500	11348
870.400	11361
870.300	11333
870.200	11252
870.100	11174
870.000	11006
869.900	11066
869.800	11117
869.700	11161
869.600	11045
869.500	11036
869.400	10960
869.300	10946
869.200	11034
869.100	11056
869.000	10956
868.900	10868
868.800	10784
868.700	10805
868.600	10961
868.500	10886
868.400	10794
868.300	10660
868.200	10759
868.100	10845
868.000	10825
867.900	10648
867.800	10602
867.700	10615
867.600	10682
867.500	10654
867.400	10541
867.300	10641
867.200	10558
867.100	10440
867.000	10344
866.900	10449
866.800	10479
866.700	10577
866.600	10519
866.500	10510
866.400	10463
866.300	10526
866.200	10440
866.100	10394
866.000	10409
865.900	10366
865.800	10413
865.700	10469
865.600	10363
865.500	10530
865.400	10541
865.300	10636
865.200	10541
865.100	10418
865.000	10262
864.900	10426
864.800	10481
864.700	10486
864.600	10548
864.500	10488
864.400	10591
864.300	10480
864.200	10471
864.100	10522
864.000	10585
863.900	10694
863.800	10685
863.700	10705
863.600	10616
863.500	10697
863.400	10634
863.300	10721
863.200	10699
863.100	10680
863.000	10627
862.900	10727
862.800	10734
862.700	10748
862.600	10726
862.500	10772
862.400	10817
862.300	10712
862.200	10702
862.100	10875
862.000	10746
861.900	10784
861.800	10875
861.700	10753
861.600	10664
861.500	10681
861.400	10747
861.300	10810
861.200	10781
861.100	10766
861.000	10743
860.900	10635
860.800	10623
860.700	10666
860.600	10856
860.500	10860
860.400	10901
860.300	10626
860.200	10878
860.100	10819
860.000	10603
859.900	10706
859.800	10838
859.700	10658
859.600	10682
859.500	10654
859.400	10616
859.300	10699
859.200	10638
859.100	10683
859.000	10649
858.900	10550
858.800	10663
858.700	10824
858.600	10667
858.500	10726
858.400	10801
858.300	10960
858.200	10934
858.100	10906
858.000	10779
857.900	10884
857.800	10938
857.700	10981
857.600	10843
857.500	11075
857.400	10994
857.300	11099
857.200	11266
857.100	11244
857.000	11125
856.900	11258
856.800	11328
856.700	11453
856.600	11527
856.500	11407
856.400	11466
856.300	11451
856.200	11465
856.100	11607
856.000	11555
855.900	11299
855.800	11367
855.700	11353
855.600	11532
855.500	11514
855.400	11467
855.300	11472
855.200	11531
855.100	11476
855.000	11402
854.900	11398
854.800	11499
854.700	11720
854.600	11759
854.500	11759
854.400	11738
854.300	11682
854.200	11726
854.100	11844
854.000	11983
853.900	12050
853.800	11971
853.700	12145
853.600	12253
853.500	12136
853.400	11970
853.300	12025
853.200	11897
853.100	11714
853.000	11645
852.900	11544
852.800	11470
852.700	11327
852.600	11291
852.500	11214
852.400	11150
852.300	11063
852.200	11021
852.100	11199
852.000	10976
851.900	10934
851.800	10999
851.700	11000
851.600	10915
851.500	10898
851.400	10841
851.300	10735
851.200	10729
851.100	10536
851.000	10384
850.900	10430
850.800	10373
850.700	10327
850.600	10248
850.500	10025
850.400	10222
850.300	10023
850.200	9928
850.100	9941
850.000	9963
849.900	9714
849.800	9622
849.700	9707
849.600	9841
849.500	9736
849.400	9595
849.300	9482
849.200	9530
849.100	9627
849.000	9561
848.900	9606
848.800	9619
848.700	9723
848.600	9575
848.500	9633
848.400	9738
848.300	9600
848.200	9633
848.100	9571
848.000	9583
847.900	9553
847.800	9564
847.700	9540
847.600	9555
847.500	9497
847.400	9525
847.300	9555
847.200	9482
847.100	9533
847.000	9638
846.900	9715
846.800	9627
846.700	9483
846.600	9435
846.500	9421
846.400	9565
846.300	9736
846.200	9631
846.100	9518
846.000	9552
845.900	9490
845.800	9506
845.700	9448
845.600	9540
845.500	9644
845.400	9602
845.300	9605
845.200	9577
845.100	9605
845.000	9559
844.900	9545
844.800	9511
844.700	9624
844.600	9550
844.500	9570
844.400	9431
844.300	9511
844.200	9706
844.100	9479
844.000	9610
843.900	9589
843.800	9649
843.700	9632
843.600	9506
843.500	9424
843.400	9605
843.300	9606
843.200	9633
843.100	9598
843.000	9463
842.900	9502
842.800	9598
842.700	9625
842.600	9544
842.500	9662
842.400	9641
842.300	9408
842.200	9590
842.100	9536
842.000	9416
841.900	9605
841.800	9551
841.700	9577
841.600	9702
841.500	9770
841.400	9596
841.300	9430
841.200	9654
841.100	9550
841.000	9575
840.900	9418
840.800	9541
840.700	9678
840.600	9632
840.500	9472
840.400	9652
840.300	9682
840.200	9663
840.100	9613
840.000	9602
Region	Enabled	DataFlag	Start	End	Step	Sweeps	Dwell	Mode	CAE/CRR	Mag	Divide by Ten	Notes	Function	Line-Style	Point-Style	Sweeps-Acquired
6	true	Original	545.000	525.000	-0.100	1	0.200	CAE	50.00	High	false	O V	7 Channel Acquisition			1
Layer	Enabled	DataFlag	Notes	Formula	Line-Style	Point-Style
1	True		Ch(1)+Ch(2)+Ch(3)+Ch(4)+Ch(5)+Ch(6)+Ch(7)		
Energy	Counts
545.000	193
544.900	194
544.800	191
544.700	212
544.600	199
544.500	187
544.400	208
544.300	186
544.200	201
544.100	178
544.000	173
543.900	171
543.800	176
543.700	155
543.600	153
543.500	174
543.400	176
543.300	162
543.200	176
543.100	158
543.000	148
542.900	136
542.800	141
542.700	146
542.600	140
542.500	133
542.400	143
542.300	146
542.200	132
542.100	127
542.000	97
541.900	103
541.800	102
541.700	114
541.600	116
541.500	102
541.400	106
541.300	105
541.200	99
541.100	85
541.000	84
540.900	78
540.800	86
540.700	80
540.600	79
540.500	80
540.400	83
540.300	69
540.200	82
540.100	88
540.000	74
539.900	67
539.800	78
539.700	79
539.600	81
539.500	79
539.400	70
539.300	66
539.200	72
539.100	72
539.000	82
538.900	87
538.800	74
538.700	71
538.600	69
538.500	70
538.400	74
538.300	75
538.200	71
538.100	73
538.000	72
537.900	79
537.800	69
537.700	69
537.600	75
537.500	68
537.400	73
537.300	75
537.200	74
537.100	74
537.000	82
536.900	80
536.800	73
536.700	69
536.600	83
536.500	88
536.400	75
536.300	78
536.200	80
536.100	87
536.000	88
535.900	91
535.800	92
535.700	103
535.600	105
535.500	119
535.400	122
535.300	143
535.200	151
535.100	178
535.000	183
534.900	204
534.800	221
534.700	263
534.600	300
534.500	310
534.400	365
534.300	381
534.200	469
534.100	565
534.000	596
533.900	683
533.800	735
533.700	886
533.600	1015
533.500	1086
533.400	1241
533.300	1323
533.200	1479
533.100	1630
533.000	1763
532.900	1868
532.800	1891
532.700	2075
532.600	2191
532.500	2227
532.400	2335
532.300	2407
532.200	2442
532.100	2387
532.000	2382
531.900	2288
531.800	2209
531.700	2158
531.600	2026
531.500	1845
531.400	1732
531.300	1664
531.200	1506
531.100	1337
531.000	1182
530.900	1003
530.800	911
530.700	783
530.600	644
530.500	567
530.400	469
530.300	396
530.200	355
530.100	306
530.000	259
529.900	232
529.800	212
529.700	194
529.600	184
529.500	150
529.400	132
529.300	115
529.200	122
529.100	110
529.000	97
528.900	111
528.800	101
528.700	93
528.600	85
528.500	81
528.400	92
528.300	82
528.200	73
528.100	73
528.000	82
527.900	80
527.800	75
527.700	74
527.600	72
527.500	76
527.400	71
527.300	83
527.200	90
527.100	74
527.000	70
526.900	78
526.800	80
526.700	67
526.600	61
526.500	72
526.400	71
526.300	56
526.200	59
526.100	70
526.000	77
525.900	72
525.800	78
525.700	77
525.600	75
525.500	75
525.400	70
525.300	62
525.200	63
525.100	58
525.000	65
