Region	Enabled	DataFlag	Start	End	Step	Sweeps	Dwell	Mode	CAE/CRR	Mag	Divide by Ten	Notes	Function	Line-Style	Point-Style	Sweeps-Acquired
1	true	Original	1400.0	0.0	-0.5	1	0.200	CAE	50.00	High	false		7 Channel Acquisition			1
Layer	Enabled	DataFlag	Notes	Formula	Line-Style	Point-Style
1	True		Ch(1)+Ch(2)+Ch(3)+Ch(4)+Ch(5)+Ch(6)+Ch(7)		
Energy	Counts
1400.0	450
1399.5	404
1399.0	428
1398.5	385
1398.0	438
1397.5	431
1397.0	403
1396.5	435
1396.0	427
1395.5	455
1395.0	407
1394.5	451
1394.0	483
1393.5	439
1393.0	489
1392.5	482
1392.0	447
1391.5	468
1391.0	426
1390.5	411
1390.0	436
1389.5	432
1389.0	443
1388.5	449
1388.0	418
1387.5	431
1387.0	398
1386.5	392
1386.0	411
1385.5	399
1385.0	394
1384.5	406
1384.0	401
1383.5	418
1383.0	386
1382.5	409
1382.0	412
1381.5	389
1381.0	418
1380.5	421
1380.0	406
1379.5	370
1379.0	391
1378.5	418
1378.0	393
1377.5	404
1377.0	395
1376.5	408
1376.0	384
1375.5	378
1375.0	382
1374.5	370
1374.0	336
1373.5	360
1373.0	375
1372.5	382
1372.0	379
1371.5	354
1371.0	380
1370.5	341
1370.0	357
1369.5	348
1369.0	335
1368.5	333
1368.0	307
1367.5	340
1367.0	319
1366.5	344
1366.0	311
1365.5	315
1365.0	325
1364.5	310
1364.0	329
1363.5	333
1363.0	319
1362.5	345
1362.0	320
1361.5	295
1361.0	310
1360.5	306
1360.0	298
1359.5	347
1359.0	344
1358.5	323
1358.0	326
1357.5	335
1357.0	318
1356.5	331
1356.0	297
1355.5	271
1355.0	322
1354.5	303
1354.0	315
1353.5	293
1353.0	288
1352.5	300
1352.0	289
1351.5	279
1351.0	279
1350.5	293
1350.0	310
1349.5	313
1349.0	287
1348.5	295
1348.0	301
1347.5	292
1347.0	284
1346.5	326
1346.0	300
1345.5	300
1345.0	289
1344.5	293
1344.0	299
1343.5	305
1343.0	283
1342.5	286
1342.0	336
1341.5	326
1341.0	343
1340.5	331
1340.0	345
1339.5	351
1339.0	338
1338.5	333
1338.0	328
1337.5	332
1337.0	318
1336.5	333
1336.0	334
1335.5	304
1335.0	321
1334.5	307
1334.0	311
1333.5	343
1333.0	327
1332.5	335
1332.0	323
1331.5	306
1331.0	338
1330.5	317
1330.0	319
1329.5	314
1329.0	302
1328.5	320
1328.0	329
1327.5	346
1327.0	308
1326.5	346
1326.0	320
1325.5	307
1325.0	286
1324.5	291
1324.0	282
1323.5	267
1323.0	277
1322.5	266
1322.0	287
1321.5	284
1321.0	260
1320.5	263
1320.0	250
1319.5	290
1319.0	274
1318.5	274
1318.0	299
1317.5	312
1317.0	286
1316.5	299
1316.0	320
1315.5	305
1315.0	313
1314.5	326
1314.0	341
1313.5	305
1313.0	292
1312.5	304
1312.0	299
1311.5	284
1311.0	302
1310.5	296
1310.0	292
1309.5	291
1309.0	290
1308.5	294
1308.0	298
1307.5	295
1307.0	292
1306.5	298
1306.0	296
1305.5	301
1305.0	290
1304.5	309
1304.0	303
1303.5	268
1303.0	282
1302.5	284
1302.0	282
1301.5	293
1301.0	319
1300.5	307
1300.0	304
1299.5	313
1299.0	288
1298.5	285
1298.0	292
1297.5	282
1297.0	278
1296.5	261
1296.0	290
1295.5	280
1295.0	302
1294.5	293
1294.0	293
1293.5	311
1293.0	294
1292.5	302
1292.0	292
1291.5	316
1291.0	313
1290.5	308
1290.0	295
1289.5	326
1289.0	329
1288.5	363
1288.0	318
1287.5	275
1287.0	326
1286.5	312
1286.0	306
1285.5	322
1285.0	338
1284.5	314
1284.0	308
1283.5	308
1283.0	302
1282.5	320
1282.0	326
1281.5	323
1281.0	333
1280.5	322
1280.0	310
1279.5	328
1279.0	307
1278.5	312
1278.0	333
1277.5	351
1277.0	333
1276.5	312
1276.0	299
1275.5	335
1275.0	321
1274.5	312
1274.0	317
1273.5	311
1273.0	321
1272.5	296
1272.0	303
1271.5	327
1271.0	308
1270.5	323
1270.0	314
1269.5	287
1269.0	297
1268.5	318
1268.0	324
1267.5	301
1267.0	320
1266.5	317
1266.0	299
1265.5	332
1265.0	355
1264.5	313
1264.0	307
1263.5	312
1263.0	311
1262.5	325
1262.0	324
1261.5	339
1261.0	316
1260.5	315
1260.0	308
1259.5	326
1259.0	300
1258.5	306
1258.0	296
1257.5	311
1257.0	313
1256.5	309
1256.0	331
1255.5	352
1255.0	314
1254.5	317
1254.0	358
1253.5	342
1253.0	322
1252.5	317
1252.0	335
1251.5	348
1251.0	328
1250.5	297
1250.0	320
1249.5	340
1249.0	302
1248.5	330
1248.0	334
1247.5	333
1247.0	300
1246.5	306
1246.0	347
1245.5	311
1245.0	326
1244.5	338
1244.0	302
1243.5	337
1243.0	320
1242.5	330
1242.0	362
1241.5	312
1241.0	329
1240.5	316
1240.0	332
1239.5	328
1239.0	342
1238.5	341
1238.0	347
1237.5	335
1237.0	330
1236.5	353
1236.0	338
1235.5	320
1235.0	294
1234.5	316
1234.0	320
1233.5	335
1233.0	334
1232.5	332
1232.0	338
1231.5	320
1231.0	325
1230.5	332
1230.0	333
1229.5	353
1229.0	349
1228.5	309
1228.0	365
1227.5	323
1227.0	363
1226.5	355
1226.0	345
1225.5	339
1225.0	361
1224.5	340
1224.0	353
1223.5	304
1223.0	347
1222.5	355
1222.0	343
1221.5	347
1221.0	364
1220.5	360
1220.0	344
1219.5	328
1219.0	333
1218.5	308
1218.0	346
1217.5	328
1217.0	347
1216.5	331
1216.0	341
1215.5	361
1215.0	319
1214.5	322
1214.0	349
1213.5	356
1213.0	332
1212.5	341
1212.0	327
1211.5	328
1211.0	339
1210.5	376
1210.0	375
1209.5	318
1209.0	302
1208.5	366
1208.0	359
1207.5	363
1207.0	339
1206.5	352
1206.0	365
1205.5	374
1205.0	344
1204.5	359
1204.0	340
1203.5	345
1203.0	373
1202.5	324
1202.0	355
1201.5	343
1201.0	329
1200.5	318
1200.0	339
1199.5	351
1199.0	344
1198.5	358
1198.0	341
1197.5	364
1197.0	363
1196.5	351
1196.0	326
1195.5	353
1195.0	334
1194.5	363
1194.0	382
1193.5	347
1193.0	367
1192.5	374
1192.0	364
1191.5	346
1191.0	354
1190.5	361
1190.0	336
1189.5	348
1189.0	378
1188.5	364
1188.0	349
1187.5	381
1187.0	353
1186.5	372
1186.0	380
1185.5	383
1185.0	363
1184.5	362
1184.0	331
1183.5	354
1183.0	373
1182.5	341
1182.0	362
1181.5	324
1181.0	342
1180.5	370
1180.0	354
1179.5	337
1179.0	348
1178.5	398
1178.0	367
1177.5	366
1177.0	362
1176.5	329
1176.0	359
1175.5	373
1175.0	369
1174.5	383
1174.0	345
1173.5	351
1173.0	358
1172.5	367
1172.0	362
1171.5	384
1171.0	373
1170.5	371
1170.0	380
1169.5	344
1169.0	368
1168.5	369
1168.0	371
1167.5	389
1167.0	349
1166.5	350
1166.0	363
1165.5	344
1165.0	351
1164.5	383
1164.0	358
1163.5	378
1163.0	361
1162.5	369
1162.0	391
1161.5	390
1161.0	384
1160.5	380
1160.0	369
1159.5	373
1159.0	375
1158.5	376
1158.0	356
1157.5	359
1157.0	367
1156.5	380
1156.0	387
1155.5	393
1155.0	364
1154.5	390
1154.0	390
1153.5	396
1153.0	355
1152.5	375
1152.0	396
1151.5	366
1151.0	353
1150.5	393
1150.0	382
1149.5	383
1149.0	417
1148.5	373
1148.0	378
1147.5	406
1147.0	401
1146.5	399
1146.0	395
1145.5	417
1145.0	383
1144.5	400
1144.0	356
1143.5	390
1143.0	392
1142.5	440
1142.0	374
1141.5	392
1141.0	412
1140.5	418
1140.0	393
1139.5	363
1139.0	374
1138.5	378
1138.0	402
1137.5	382
1137.0	402
1136.5	402
1136.0	374
1135.5	365
1135.0	383
1134.5	421
1134.0	375
1133.5	370
1133.0	378
1132.5	379
1132.0	387
1131.5	428
1131.0	401
1130.5	386
1130.0	399
1129.5	416
1129.0	407
1128.5	381
1128.0	412
1127.5	405
1127.0	388
1126.5	421
1126.0	415
1125.5	429
1125.0	412
1124.5	394
1124.0	364
1123.5	391
1123.0	397
1122.5	390
1122.0	413
1121.5	422
1121.0	456
1120.5	406
1120.0	405
1119.5	416
1119.0	410
1118.5	442
1118.0	434
1117.5	424
1117.0	439
1116.5	398
1116.0	420
1115.5	421
1115.0	401
1114.5	416
1114.0	387
1113.5	389
1113.0	391
1112.5	398
1112.0	403
1111.5	382
1111.0	398
1110.5	415
1110.0	385
1109.5	399
1109.0	395
1108.5	407
1108.0	405
1107.5	434
1107.0	392
1106.5	384
1106.0	397
1105.5	422
1105.0	386
1104.5	405
1104.0	403
1103.5	425
1103.0	448
1102.5	436
1102.0	435
1101.5	441
1101.0	427
1100.5	410
1100.0	405
1099.5	400
1099.0	402
1098.5	421
1098.0	418
1097.5	391
1097.0	413
1096.5	428
1096.0	409
1095.5	446
1095.0	425
1094.5	399
1094.0	410
1093.5	418
1093.0	442
1092.5	397
1092.0	423
1091.5	426
1091.0	419
1090.5	431
1090.0	430
1089.5	403
1089.0	412
1088.5	425
1088.0	432
1087.5	425
1087.0	449
1086.5	444
1086.0	446
1085.5	433
1085.0	425
1084.5	458
1084.0	427
1083.5	417
1083.0	474
1082.5	393
1082.0	400
1081.5	396
1081.0	471
1080.5	435
1080.0	404
1079.5	437
1079.0	424
1078.5	445
1078.0	431
1077.5	399
1077.0	442
1076.5	397
1076.0	415
1075.5	427
1075.0	421
1074.5	473
1074.0	457
1073.5	445
1073.0	447
1072.5	453
1072.0	498
1071.5	461
1071.0	455
1070.5	456
1070.0	419
1069.5	444
1069.0	492
1068.5	450
1068.0	453
1067.5	432
1067.0	463
1066.5	455
1066.0	433
1065.5	466
1065.0	436
1064.5	442
1064.0	422
1063.5	467
1063.0	469
1062.5	445
1062.0	444
1061.5	436
1061.0	430
1060.5	424
1060.0	471
1059.5	468
1059.0	456
1058.5	472
1058.0	471
1057.5	422
1057.0	441
1056.5	464
1056.0	462
1055.5	449
1055.0	408
1054.5	434
1054.0	437
1053.5	463
1053.0	443
1052.5	439
1052.0	456
1051.5	495
1051.0	481
1050.5	494
1050.0	486
1049.5	428
1049.0	456
1048.5	447
1048.0	437
1047.5	464
1047.0	459
1046.5	471
1046.0	492
1045.5	414
1045.0	459
1044.5	462
1044.0	477
1043.5	460
1043.0	426
1042.5	420
1042.0	471
1041.5	478
1041.0	486
1040.5	499
1040.0	481
1039.5	459
1039.0	462
1038.5	434
1038.0	478
1037.5	480
1037.0	477
1036.5	465
1036.0	469
1035.5	463
1035.0	463
1034.5	447
1034.0	500
1033.5	445
1033.0	454
1032.5	471
1032.0	465
1031.5	462
1031.0	476
1030.5	479
1030.0	486
1029.5	474
1029.0	479
1028.5	496
1028.0	449
1027.5	492
1027.0	505
1026.5	483
1026.0	497
1025.5	492
1025.0	489
1024.5	465
1024.0	514
1023.5	484
1023.0	486
1022.5	499
1022.0	483
1021.5	508
1021.0	462
1020.5	488
1020.0	465
1019.5	448
1019.0	500
1018.5	527
1018.0	506
1017.5	543
1017.0	493
1016.5	513
1016.0	536
1015.5	507
1015.0	493
1014.5	500
1014.0	518
1013.5	534
1013.0	509
1012.5	483
1012.0	478
1011.5	481
1011.0	447
1010.5	452
1010.0	452
1009.5	469
1009.0	481
1008.5	482
1008.0	452
1007.5	423
1007.0	478
1006.5	488
1006.0	488
1005.5	497
1005.0	504
1004.5	510
1004.0	515
1003.5	532
1003.0	539
1002.5	529
1002.0	588
1001.5	544
1001.0	595
1000.5	555
1000.0	601
999.5	552
999.0	564
998.5	530
998.0	513
997.5	494
997.0	504
996.5	511
996.0	492
995.5	501
995.0	497
994.5	491
994.0	503
993.5	463
993.0	482
992.5	490
992.0	450
991.5	424
991.0	431
990.5	477
990.0	438
989.5	463
989.0	483
988.5	456
988.0	539
987.5	453
987.0	489
986.5	501
986.0	500
985.5	563
985.0	620
984.5	609
984.0	622
983.5	624
983.0	623
982.5	624
982.0	623
981.5	644
981.0	672
980.5	667
980.0	728
979.5	728
979.0	713
978.5	622
978.0	604
977.5	561
977.0	538
976.5	555
976.0	544
975.5	534
975.0	459
974.5	443
974.0	469
973.5	427
973.0	439
972.5	408
972.0	399
971.5	393
971.0	374
970.5	390
970.0	398
969.5	356
969.0	334
968.5	361
968.0	357
967.5	325
967.0	333
966.5	341
966.0	323
965.5	358
965.0	325
964.5	336
964.0	305
963.5	293
963.0	320
962.5	319
962.0	332
961.5	334
961.0	336
960.5	311
960.0	358
959.5	317
959.0	336
958.5	331
958.0	318
957.5	322
957.0	284
956.5	325
956.0	320
955.5	319
955.0	341
954.5	318
954.0	326
953.5	330
953.0	340
952.5	339
952.0	349
951.5	300
951.0	311
950.5	306
950.0	317
949.5	336
949.0	325
948.5	314
948.0	324
947.5	309
947.0	304
946.5	336
946.0	323
945.5	297
945.0	284
944.5	303
944.0	326
943.5	322
943.0	295
942.5	320
942.0	311
941.5	301
941.0	312
940.5	284
940.0	304
939.5	320
939.0	301
938.5	312
938.0	327
937.5	307
937.0	289
936.5	300
936.0	262
935.5	287
935.0	311
934.5	326
934.0	335
933.5	316
933.0	318
932.5	295
932.0	292
931.5	330
931.0	338
930.5	316
930.0	322
929.5	318
929.0	320
928.5	304
928.0	312
927.5	289
927.0	303
926.5	329
926.0	317
925.5	349
925.0	349
924.5	333
924.0	316
923.5	319
923.0	329
922.5	319
922.0	356
921.5	313
921.0	355
920.5	339
920.0	341
919.5	328
919.0	324
918.5	316
918.0	340
917.5	328
917.0	351
916.5	344
916.0	339
915.5	324
915.0	336
914.5	351
914.0	293
913.5	335
913.0	329
912.5	365
912.0	307
911.5	322
911.0	313
910.5	309
910.0	331
909.5	332
909.0	334
908.5	309
908.0	347
907.5	335
907.0	359
906.5	336
906.0	352
905.5	329
905.0	314
904.5	311
904.0	282
903.5	335
903.0	337
902.5	335
902.0	286
901.5	324
901.0	331
900.5	343
900.0	312
899.5	363
899.0	355
898.5	365
898.0	313
897.5	339
897.0	366
896.5	347
896.0	312
895.5	332
895.0	348
894.5	338
894.0	351
893.5	347
893.0	343
892.5	334
892.0	345
891.5	351
891.0	334
890.5	321
890.0	317
889.5	325
889.0	316
888.5	316
888.0	348
887.5	319
887.0	350
886.5	334
886.0	315
885.5	327
885.0	296
884.5	300
884.0	332
883.5	337
883.0	326
882.5	342
882.0	336
881.5	317
881.0	320
880.5	326
880.0	335
879.5	337
879.0	315
878.5	327
878.0	338
877.5	319
877.0	308
876.5	341
876.0	313
875.5	313
875.0	308
874.5	307
874.0	341
873.5	348
873.0	338
872.5	325
872.0	336
871.5	321
871.0	276
870.5	307
870.0	312
869.5	296
869.0	320
868.5	301
868.0	270
867.5	291
867.0	299
866.5	299
866.0	322
865.5	301
865.0	331
864.5	319
864.0	325
863.5	333
863.0	325
862.5	330
862.0	360
861.5	343
861.0	319
860.5	354
860.0	346
859.5	310
859.0	327
858.5	310
858.0	343
857.5	346
857.0	345
856.5	392
856.0	381
855.5	358
855.0	334
854.5	346
854.0	336
853.5	341
853.0	304
852.5	316
852.0	283
851.5	271
851.0	262
850.5	260
850.0	279
849.5	280
849.0	299
848.5	294
848.0	249
847.5	263
847.0	294
846.5	272
846.0	299
845.5	288
845.0	270
844.5	270
844.0	279
843.5	242
843.0	244
842.5	259
842.0	246
841.5	242
841.0	241
840.5	277
840.0	260
839.5	246
839.0	268
838.5	232
838.0	260
837.5	280
837.0	265
836.5	271
836.0	271
835.5	273
835.0	271
834.5	271
834.0	238
833.5	256
833.0	232
832.5	265
832.0	283
831.5	233
831.0	263
830.5	300
830.0	269
829.5	259
829.0	255
828.5	278
828.0	290
827.5	264
827.0	244
826.5	266
826.0	272
825.5	302
825.0	266
824.5	297
824.0	297
823.5	273
823.0	279
822.5	267
822.0	262
821.5	293
821.0	261
820.5	278
820.0	260
819.5	242
819.0	286
818.5	269
818.0	258
817.5	243
817.0	245
816.5	241
816.0	221
815.5	230
815.0	240
814.5	263
814.0	247
813.5	256
813.0	260
812.5	247
812.0	253
811.5	270
811.0	278
810.5	291
810.0	292
809.5	266
809.0	304
808.5	305
808.0	277
807.5	275
807.0	313
806.5	284
806.0	315
805.5	335
805.0	319
804.5	339
804.0	285
803.5	283
803.0	298
802.5	315
802.0	304
801.5	301
801.0	323
800.5	315
800.0	309
799.5	311
799.0	310
798.5	292
798.0	310
797.5	301
797.0	319
796.5	305
796.0	309
795.5	272
795.0	305
794.5	283
794.0	281
793.5	312
793.0	308
792.5	319
792.0	305
791.5	317
791.0	327
790.5	305
790.0	325
789.5	319
789.0	316
788.5	326
788.0	273
787.5	305
787.0	304
786.5	296
786.0	295
785.5	292
785.0	330
784.5	300
784.0	308
783.5	322
783.0	309
782.5	306
782.0	335
781.5	304
781.0	279
780.5	336
780.0	339
779.5	345
779.0	317
778.5	323
778.0	306
777.5	325
777.0	332
776.5	283
776.0	318
775.5	328
775.0	313
774.5	305
774.0	285
773.5	326
773.0	321
772.5	304
772.0	311
771.5	330
771.0	334
770.5	341
770.0	313
769.5	307
769.0	264
768.5	297
768.0	329
767.5	328
767.0	321
766.5	323
766.0	313
765.5	283
765.0	293
764.5	324
764.0	327
763.5	283
763.0	311
762.5	311
762.0	329
761.5	298
761.0	286
760.5	307
760.0	299
759.5	311
759.0	318
758.5	315
758.0	286
757.5	316
757.0	308
756.5	291
756.0	283
755.5	311
755.0	289
754.5	301
754.0	301
753.5	286
753.0	309
752.5	316
752.0	302
751.5	288
751.0	307
750.5	292
750.0	323
749.5	311
749.0	324
748.5	278
748.0	350
747.5	318
747.0	308
746.5	309
746.0	322
745.5	317
745.0	305
744.5	314
744.0	300
743.5	310
743.0	329
742.5	324
742.0	332
741.5	330
741.0	324
740.5	293
740.0	303
739.5	321
739.0	286
738.5	310
738.0	303
737.5	305
737.0	299
736.5	287
736.0	274
735.5	315
735.0	308
734.5	307
734.0	313
733.5	300
733.0	334
732.5	307
732.0	292
731.5	317
731.0	326
730.5	308
730.0	326
729.5	322
729.0	337
728.5	306
728.0	307
727.5	320
727.0	320
726.5	296
726.0	316
725.5	316
725.0	335
724.5	296
724.0	293
723.5	320
723.0	332
722.5	309
722.0	324
721.5	321
721.0	343
720.5	320
720.0	318
719.5	328
719.0	333
718.5	306
718.0	306
717.5	329
717.0	327
716.5	306
716.0	305
715.5	320
715.0	345
714.5	343
714.0	347
713.5	317
713.0	309
712.5	323
712.0	316
711.5	328
711.0	341
710.5	319
710.0	314
709.5	346
709.0	325
708.5	327
708.0	315
707.5	296
707.0	331
706.5	361
706.0	332
705.5	305
705.0	315
704.5	344
704.0	289
703.5	301
703.0	305
702.5	331
702.0	335
701.5	323
701.0	318
700.5	305
700.0	302
699.5	292
699.0	314
698.5	315
698.0	280
697.5	337
697.0	315
696.5	338
696.0	292
695.5	335
695.0	298
694.5	340
694.0	293
693.5	298
693.0	291
692.5	307
692.0	307
691.5	303
691.0	296
690.5	312
690.0	323
689.5	328
689.0	323
688.5	321
688.0	314
687.5	315
687.0	281
686.5	307
686.0	292
685.5	303
685.0	316
684.5	295
684.0	313
683.5	312
683.0	311
682.5	315
682.0	331
681.5	305
681.0	308
680.5	317
680.0	313
679.5	323
679.0	335
678.5	316
678.0	335
677.5	316
677.0	273
676.5	300
676.0	305
675.5	312
675.0	324
674.5	288
674.0	331
673.5	332
673.0	333
672.5	320
672.0	299
671.5	335
671.0	327
670.5	344
670.0	305
669.5	334
669.0	299
668.5	332
668.0	334
667.5	311
667.0	306
666.5	320
666.0	317
665.5	317
665.0	326
664.5	317
664.0	314
663.5	324
663.0	355
662.5	295
662.0	320
661.5	332
661.0	317
660.5	304
660.0	334
659.5	305
659.0	350
658.5	338
658.0	332
657.5	339
657.0	323
656.5	310
656.0	305
655.5	311
655.0	296
654.5	318
654.0	321
653.5	358
653.0	330
652.5	309
652.0	327
651.5	304
651.0	302
650.5	340
650.0	324
649.5	359
649.0	332
648.5	295
648.0	306
647.5	334
647.0	352
646.5	363
646.0	342
645.5	331
645.0	360
644.5	324
644.0	331
643.5	360
643.0	350
642.5	336
642.0	346
641.5	354
641.0	316
640.5	353
640.0	323
639.5	357
639.0	338
638.5	348
638.0	324
637.5	308
637.0	322
636.5	297
636.0	334
635.5	311
635.0	319
634.5	297
634.0	327
633.5	305
633.0	304
632.5	317
632.0	315
631.5	310
631.0	285
630.5	324
630.0	291
629.5	310
629.0	320
628.5	334
628.0	342
627.5	303
627.0	335
626.5	308
626.0	319
625.5	338
625.0	348
624.5	318
624.0	325
623.5	341
623.0	357
622.5	336
622.0	297
621.5	305
621.0	302
620.5	305
620.0	302
619.5	333
619.0	318
618.5	301
618.0	311
617.5	334
617.0	327
616.5	279
616.0	311
615.5	333
615.0	312
614.5	336
614.0	326
613.5	304
613.0	310
612.5	300
612.0	322
611.5	297
611.0	307
610.5	297
610.0	319
609.5	328
609.0	313
608.5	323
608.0	324
607.5	341
607.0	324
606.5	347
606.0	353
605.5	327
605.0	345
604.5	326
604.0	292
603.5	315
603.0	300
602.5	346
602.0	357
601.5	319
601.0	304
600.5	347
600.0	357
599.5	349
599.0	325
598.5	320
598.0	327
597.5	333
597.0	365
596.5	371
596.0	300
595.5	324
595.0	344
594.5	361
594.0	378
593.5	336
593.0	331
592.5	340
592.0	339
591.5	332
591.0	344
590.5	315
590.0	334
589.5	345
589.0	338
588.5	337
588.0	371
587.5	330
587.0	340
586.5	326
586.0	338
585.5	336
585.0	328
584.5	355
584.0	347
583.5	328
583.0	357
582.5	351
582.0	326
581.5	350
581.0	343
580.5	348
580.0	310
579.5	348
579.0	351
578.5	337
578.0	315
577.5	339
577.0	328
576.5	319
576.0	322
575.5	334
575.0	313
574.5	327
574.0	345
573.5	340
573.0	365
572.5	323
572.0	318
571.5	316
571.0	344
570.5	348
570.0	353
569.5	343
569.0	356
568.5	317
568.0	320
567.5	310
567.0	316
566.5	309
566.0	333
565.5	307
565.0	339
564.5	339
564.0	319
563.5	353
563.0	327
562.5	325
562.0	344
561.5	373
561.0	375
560.5	365
560.0	428
559.5	390
559.0	387
558.5	391
558.0	429
557.5	401
557.0	428
556.5	449
556.0	456
555.5	437
555.0	478
554.5	476
554.0	442
553.5	444
553.0	424
552.5	382
552.0	360
551.5	330
551.0	340
550.5	338
550.0	323
549.5	294
549.0	299
548.5	273
548.0	322
547.5	284
547.0	279
546.5	269
546.0	252
545.5	270
545.0	234
544.5	254
544.0	233
543.5	201
543.0	191
542.5	180
542.0	155
541.5	127
541.0	106
540.5	91
540.0	106
539.5	84
539.0	85
538.5	86
538.0	94
537.5	89
537.0	105
536.5	90
536.0	107
535.5	154
535.0	234
534.5	435
534.0	923
533.5	1537
533.0	2384
532.5	2878
532.0	2836
531.5	2073
531.0	1158
530.5	543
530.0	247
529.5	151
529.0	116
528.5	102
528.0	91
527.5	79
527.0	86
526.5	81
526.0	86
525.5	85
525.0	80
524.5	74
524.0	89
523.5	73
523.0	70
522.5	68
522.0	81
521.5	77
521.0	92
520.5	60
520.0	67
519.5	73
519.0	86
518.5	76
518.0	83
517.5	86
517.0	74
516.5	74
516.0	72
515.5	81
515.0	75
514.5	80
514.0	72
513.5	70
513.0	82
512.5	64
512.0	75
511.5	84
511.0	78
510.5	69
510.0	78
509.5	73
509.0	78
508.5	86
508.0	71
507.5	63
507.0	81
506.5	81
506.0	69
505.5	71
505.0	69
504.5	81
504.0	74
503.5	74
503.0	75
502.5	77
502.0	74
501.5	68
501.0	82
500.5	78
500.0	84
499.5	84
499.0	79
498.5	75
498.0	79
497.5	78
497.0	76
496.5	62
496.0	72
495.5	67
495.0	65
494.5	77
494.0	73
493.5	79
493.0	68
492.5	73
492.0	74
491.5	59
491.0	82
490.5	80
490.0	67
489.5	57
489.0	62
488.5	82
488.0	74
487.5	75
487.0	76
486.5	59
486.0	74
485.5	61
485.0	68
484.5	80
484.0	73
483.5	66
483.0	66
482.5	65
482.0	78
481.5	68
481.0	71
480.5	67
480.0	65
479.5	81
479.0	66
478.5	82
478.0	88
477.5	76
477.0	67
476.5	76
476.0	71
475.5	67
475.0	85
474.5	78
474.0	90
473.5	69
473.0	71
472.5	76
472.0	76
471.5	76
471.0	69
470.5	66
470.0	76
469.5	79
469.0	69
468.5	78
468.0	61
467.5	70
467.0	69
466.5	72
466.0	68
465.5	71
465.0	76
464.5	72
464.0	88
463.5	78
463.0	62
462.5	67
462.0	65
461.5	68
461.0	75
460.5	50
460.0	67
459.5	69
459.0	70
458.5	69
458.0	65
457.5	62
457.0	78
456.5	65
456.0	77
455.5	62
455.0	68
454.5	75
454.0	83
453.5	68
453.0	81
452.5	68
452.0	66
451.5	72
451.0	83
450.5	70
450.0	74
449.5	79
449.0	74
448.5	68
448.0	72
447.5	69
447.0	91
446.5	88
446.0	79
445.5	64
445.0	86
444.5	76
444.0	62
443.5	62
443.0	56
442.5	65
442.0	65
441.5	72
441.0	79
440.5	61
440.0	70
439.5	75
439.0	57
438.5	65
438.0	65
437.5	56
437.0	66
436.5	86
436.0	73
435.5	77
435.0	67
434.5	62
434.0	64
433.5	64
433.0	78
432.5	80
432.0	81
431.5	68
431.0	68
430.5	63
430.0	69
429.5	72
429.0	77
428.5	70
428.0	68
427.5	64
427.0	71
426.5	81
426.0	73
425.5	88
425.0	82
424.5	73
424.0	81
423.5	72
423.0	77
422.5	75
422.0	70
421.5	67
421.0	76
420.5	69
420.0	63
419.5	73
419.0	64
418.5	68
418.0	71
417.5	74
417.0	73
416.5	69
416.0	71
415.5	65
415.0	74
414.5	64
414.0	80
413.5	69
413.0	75
412.5	70
412.0	76
411.5	74
411.0	66
410.5	63
410.0	62
409.5	71
409.0	73
408.5	73
408.0	59
407.5	64
407.0	61
406.5	67
406.0	59
405.5	72
405.0	59
404.5	58
404.0	73
403.5	68
403.0	70
402.5	68
402.0	83
401.5	73
401.0	71
400.5	69
400.0	75
399.5	76
399.0	86
398.5	84
398.0	71
397.5	68
397.0	61
396.5	64
396.0	55
395.5	74
395.0	52
394.5	70
394.0	68
393.5	52
393.0	66
392.5	67
392.0	65
391.5	73
391.0	62
390.5	68
390.0	66
389.5	65
389.0	67
388.5	64
388.0	60
387.5	70
387.0	67
386.5	65
386.0	66
385.5	57
385.0	70
384.5	72
384.0	73
383.5	60
383.0	64
382.5	61
382.0	56
381.5	73
381.0	64
380.5	69
380.0	72
379.5	62
379.0	59
378.5	65
378.0	69
377.5	66
377.0	63
376.5	75
376.0	66
375.5	73
375.0	73
374.5	59
374.0	64
373.5	60
373.0	73
372.5	69
372.0	70
371.5	67
371.0	81
370.5	63
370.0	57
369.5	66
369.0	64
368.5	75
368.0	73
367.5	73
367.0	76
366.5	71
366.0	78
365.5	74
365.0	71
364.5	71
364.0	78
363.5	92
363.0	75
362.5	76
362.0	65
361.5	66
361.0	68
360.5	63
360.0	77
359.5	68
359.0	52
358.5	61
358.0	62
357.5	47
357.0	65
356.5	50
356.0	47
355.5	54
355.0	55
354.5	52
354.0	52
353.5	50
353.0	56
352.5	51
352.0	50
351.5	62
351.0	53
350.5	55
350.0	57
349.5	60
349.0	54
348.5	72
348.0	56
347.5	53
347.0	52
346.5	49
346.0	41
345.5	48
345.0	67
344.5	63
344.0	55
343.5	59
343.0	59
342.5	57
342.0	50
341.5	57
341.0	54
340.5	64
340.0	60
339.5	65
339.0	53
338.5	55
338.0	63
337.5	56
337.0	62
336.5	46
336.0	59
335.5	59
335.0	51
334.5	61
334.0	52
333.5	65
333.0	52
332.5	53
332.0	52
331.5	65
331.0	61
330.5	38
330.0	59
329.5	54
329.0	55
328.5	54
328.0	52
327.5	52
327.0	54
326.5	50
326.0	41
325.5	55
325.0	56
324.5	70
324.0	54
323.5	64
323.0	49
322.5	48
322.0	52
321.5	53
321.0	62
320.5	60
320.0	54
319.5	55
319.0	59
318.5	58
318.0	58
317.5	50
317.0	52
316.5	66
316.0	58
315.5	56
315.0	57
314.5	62
314.0	67
313.5	56
313.0	52
312.5	57
312.0	52
311.5	66
311.0	74
310.5	57
310.0	66
309.5	53
309.0	52
308.5	54
308.0	46
307.5	60
307.0	71
306.5	56
306.0	64
305.5	66
305.0	53
304.5	44
304.0	50
303.5	52
303.0	61
302.5	59
302.0	64
301.5	56
301.0	59
300.5	61
300.0	53
299.5	54
299.0	61
298.5	55
298.0	52
297.5	54
297.0	50
296.5	48
296.0	55
295.5	52
295.0	55
294.5	57
294.0	48
293.5	48
293.0	46
292.5	52
292.0	53
291.5	56
291.0	48
290.5	59
290.0	48
289.5	52
289.0	47
288.5	57
288.0	60
287.5	63
287.0	78
286.5	67
286.0	59
285.5	61
285.0	69
284.5	68
284.0	64
283.5	61
283.0	53
282.5	65
282.0	66
281.5	51
281.0	55
280.5	43
280.0	48
279.5	55
279.0	60
278.5	58
278.0	55
277.5	56
277.0	61
276.5	63
276.0	48
275.5	65
275.0	56
274.5	52
274.0	56
273.5	45
273.0	40
272.5	59
272.0	67
271.5	65
271.0	59
270.5	64
270.0	62
269.5	46
269.0	66
268.5	66
268.0	57
267.5	48
267.0	58
266.5	65
266.0	56
265.5	62
265.0	52
264.5	55
264.0	55
263.5	60
263.0	64
262.5	58
262.0	58
261.5	63
261.0	67
260.5	54
260.0	61
259.5	59
259.0	53
258.5	58
258.0	54
257.5	51
257.0	65
256.5	56
256.0	63
255.5	57
255.0	63
254.5	61
254.0	61
253.5	61
253.0	53
252.5	60
252.0	47
251.5	46
251.0	52
250.5	57
250.0	59
249.5	51
249.0	57
248.5	50
248.0	63
247.5	56
247.0	61
246.5	66
246.0	60
245.5	43
245.0	48
244.5	47
244.0	60
243.5	59
243.0	56
242.5	56
242.0	63
241.5	61
241.0	61
240.5	65
240.0	47
239.5	67
239.0	61
238.5	55
238.0	62
237.5	64
237.0	60
236.5	57
236.0	65
235.5	61
235.0	60
234.5	53
234.0	68
233.5	73
233.0	55
232.5	53
232.0	63
231.5	61
231.0	51
230.5	56
230.0	52
229.5	56
229.0	57
228.5	50
228.0	58
227.5	63
227.0	63
226.5	71
226.0	61
225.5	57
225.0	59
224.5	61
224.0	60
223.5	59
223.0	64
222.5	67
222.0	67
221.5	52
221.0	55
220.5	57
220.0	70
219.5	75
219.0	74
218.5	62
218.0	65
217.5	59
217.0	65
216.5	61
216.0	72
215.5	52
215.0	63
214.5	49
214.0	49
213.5	65
213.0	62
212.5	59
212.0	61
211.5	63
211.0	57
210.5	63
210.0	57
209.5	72
209.0	55
208.5	66
208.0	52
207.5	61
207.0	70
206.5	55
206.0	60
205.5	63
205.0	65
204.5	58
204.0	67
203.5	64
203.0	57
202.5	64
202.0	66
201.5	56
201.0	54
200.5	59
200.0	58
199.5	63
199.0	67
198.5	57
198.0	65
197.5	55
197.0	61
196.5	53
196.0	59
195.5	78
195.0	58
194.5	63
194.0	63
193.5	64
193.0	55
192.5	69
192.0	62
191.5	65
191.0	71
190.5	72
190.0	64
189.5	63
189.0	73
188.5	53
188.0	64
187.5	66
187.0	69
186.5	56
186.0	58
185.5	57
185.0	69
184.5	73
184.0	64
183.5	58
183.0	63
182.5	64
182.0	71
181.5	72
181.0	70
180.5	78
180.0	65
179.5	54
179.0	78
178.5	73
178.0	77
177.5	69
177.0	61
176.5	63
176.0	59
175.5	69
175.0	66
174.5	74
174.0	78
173.5	62
173.0	77
172.5	66
172.0	62
171.5	72
171.0	66
170.5	63
170.0	66
169.5	54
169.0	63
168.5	63
168.0	53
167.5	46
167.0	47
166.5	47
166.0	52
165.5	56
165.0	44
164.5	48
164.0	58
163.5	48
163.0	50
162.5	47
162.0	40
161.5	38
161.0	42
160.5	45
160.0	41
159.5	40
159.0	35
158.5	46
158.0	49
157.5	53
157.0	60
156.5	77
156.0	112
155.5	156
155.0	218
154.5	291
154.0	300
153.5	286
153.0	237
152.5	175
152.0	131
151.5	104
151.0	78
150.5	60
150.0	49
149.5	53
149.0	47
148.5	47
148.0	45
147.5	43
147.0	44
146.5	47
146.0	48
145.5	39
145.0	33
144.5	40
144.0	33
143.5	43
143.0	38
142.5	40
142.0	43
141.5	47
141.0	31
140.5	37
140.0	47
139.5	45
139.0	43
138.5	33
138.0	34
137.5	39
137.0	35
136.5	38
136.0	36
135.5	32
135.0	40
134.5	35
134.0	41
133.5	36
133.0	29
132.5	35
132.0	37
131.5	35
131.0	45
130.5	41
130.0	38
129.5	38
129.0	36
128.5	42
128.0	48
127.5	47
127.0	53
126.5	44
126.0	39
125.5	41
125.0	52
124.5	61
124.0	44
123.5	40
123.0	44
122.5	55
122.0	45
121.5	48
121.0	48
120.5	53
120.0	50
119.5	38
119.0	42
118.5	30
118.0	50
117.5	40
117.0	30
116.5	37
116.0	25
115.5	32
115.0	39
114.5	22
114.0	24
113.5	31
113.0	28
112.5	21
112.0	22
111.5	20
111.0	13
110.5	12
110.0	12
109.5	19
109.0	15
108.5	17
108.0	17
107.5	20
107.0	20
106.5	19
106.0	17
105.5	21
105.0	63
104.5	100
104.0	157
103.5	273
103.0	319
102.5	280
102.0	214
101.5	129
101.0	53
100.5	28
100.0	16
99.5	12
99.0	19
98.5	17
98.0	13
97.5	12
97.0	17
96.5	14
96.0	17
95.5	9
95.0	15
94.5	17
94.0	13
93.5	10
93.0	11
92.5	7
92.0	16
91.5	13
91.0	18
90.5	15
90.0	11
89.5	17
89.0	16
88.5	19
88.0	11
87.5	9
87.0	15
86.5	15
86.0	15
85.5	24
85.0	15
84.5	19
84.0	14
83.5	20
83.0	17
82.5	10
82.0	7
81.5	10
81.0	11
80.5	16
80.0	14
79.5	10
79.0	11
78.5	13
78.0	13
77.5	8
77.0	15
76.5	17
76.0	17
75.5	19
75.0	13
74.5	15
74.0	15
73.5	16
73.0	14
72.5	13
72.0	13
71.5	22
71.0	21
70.5	15
70.0	16
69.5	21
69.0	22
68.5	22
68.0	23
67.5	16
67.0	10
66.5	10
66.0	20
65.5	13
65.0	13
64.5	11
64.0	17
63.5	11
63.0	13
62.5	16
62.0	13
61.5	12
61.0	10
60.5	11
60.0	12
59.5	10
59.0	11
58.5	13
58.0	9
57.5	12
57.0	14
56.5	9
56.0	13
55.5	13
55.0	10
54.5	7
54.0	10
53.5	16
53.0	14
52.5	18
52.0	14
51.5	15
51.0	16
50.5	16
50.0	15
49.5	16
49.0	13
48.5	13
48.0	11
47.5	17
47.0	15
46.5	15
46.0	11
45.5	8
45.0	6
44.5	10
44.0	17
43.5	13
43.0	18
42.5	19
42.0	18
41.5	14
41.0	17
40.5	9
40.0	14
39.5	8
39.0	8
38.5	9
38.0	9
37.5	12
37.0	8
36.5	8
36.0	8
35.5	4
35.0	6
34.5	6
34.0	12
33.5	13
33.0	8
32.5	10
32.0	13
31.5	12
31.0	13
30.5	15
30.0	9
29.5	10
29.0	14
28.5	14
28.0	17
27.5	24
27.0	24
26.5	37
26.0	44
25.5	58
25.0	58
24.5	53
24.0	45
23.5	32
23.0	21
22.5	14
22.0	10
21.5	8
21.0	4
20.5	1
20.0	3
19.5	1
19.0	1
18.5	1
18.0	0
17.5	2
17.0	3
16.5	4
16.0	3
15.5	2
15.0	6
14.5	10
14.0	13
13.5	15
13.0	13
12.5	16
12.0	10
11.5	14
11.0	8
10.5	10
10.0	9
9.5	8
9.0	10
8.5	10
8.0	7
7.5	9
7.0	9
6.5	9
6.0	14
5.5	10
5.0	7
4.5	6
4.0	3
3.5	4
3.0	1
2.5	1
2.0	1
1.5	2
1.0	1
0.5	1
0.0	2
Region	Enabled	DataFlag	Start	End	Step	Sweeps	Dwell	Mode	CAE/CRR	Mag	Divide by Ten	Notes	Function	Line-Style	Point-Style	Sweeps-Acquired
2	true	Original	545.000	525.000	-0.100	2	0.200	CAE	50.00	High	false	O	7 Channel Acquisition			2
Layer	Enabled	DataFlag	Notes	Formula	Line-Style	Point-Style
1	True		Ch(1)+Ch(2)+Ch(3)+Ch(4)+Ch(5)+Ch(6)+Ch(7)		
Energy	Counts
545.000	367
544.900	350
544.800	320
544.700	329
544.600	331
544.500	336
544.400	327
544.300	337
544.200	329
544.100	328
544.000	297
543.900	325
543.800	301
543.700	306
543.600	289
543.500	268
543.400	278
543.300	286
543.200	269
543.100	254
543.000	240
542.900	234
542.800	265
542.700	258
542.600	255
542.500	240
542.400	232
542.300	238
542.200	211
542.100	210
542.000	189
541.900	190
541.800	194
541.700	190
541.600	170
541.500	175
541.400	169
541.300	168
541.200	176
541.100	172
541.000	155
540.900	146
540.800	163
540.700	152
540.600	158
540.500	154
540.400	152
540.300	152
540.200	155
540.100	137
540.000	136
539.900	129
539.800	128
539.700	133
539.600	129
539.500	131
539.400	142
539.300	122
539.200	132
539.100	122
539.000	105
538.900	116
538.800	124
538.700	127
538.600	123
538.500	125
538.400	131
538.300	125
538.200	125
538.100	127
538.000	124
537.900	127
537.800	129
537.700	129
537.600	123
537.500	127
537.400	130
537.300	118
537.200	118
537.100	129
537.000	138
536.900	126
536.800	113
536.700	111
536.600	135
536.500	148
536.400	144
536.300	151
536.200	141
536.100	145
536.000	147
535.900	142
535.800	169
535.700	176
535.600	177
535.500	168
535.400	189
535.300	221
535.200	241
535.100	261
535.000	264
534.900	290
534.800	349
534.700	426
534.600	466
534.500	547
534.400	631
534.300	713
534.200	791
534.100	912
534.000	1025
533.900	1127
533.800	1258
533.700	1456
533.600	1672
533.500	1900
533.400	2082
533.300	2348
533.200	2514
533.100	2668
533.000	2977
532.900	3222
532.800	3443
532.700	3639
532.600	3698
532.500	3988
532.400	4135
532.300	4225
532.200	4228
532.100	4112
532.000	4077
531.900	4055
531.800	3898
531.700	3811
531.600	3580
531.500	3343
531.400	3137
531.300	2824
531.200	2519
531.100	2279
531.000	1995
530.900	1749
530.800	1515
530.700	1358
530.600	1126
530.500	930
530.400	795
530.300	711
530.200	607
530.100	524
530.000	439
529.900	398
529.800	336
529.700	300
529.600	265
529.500	244
529.400	219
529.300	217
529.200	201
529.100	191
529.000	169
528.900	171
528.800	153
528.700	149
528.600	161
528.500	134
528.400	150
528.300	153
528.200	134
528.100	123
528.000	135
527.900	118
527.800	109
527.700	118
527.600	103
527.500	104
527.400	119
527.300	110
527.200	110
527.100	112
527.000	118
526.900	113
526.800	121
526.700	128
526.600	122
526.500	103
526.400	111
526.300	120
526.200	113
526.100	125
526.000	121
525.900	120
525.800	117
525.700	113
525.600	112
525.500	122
525.400	104
525.300	94
525.200	106
525.100	111
525.000	113
Region	Enabled	DataFlag	Start	End	Step	Sweeps	Dwell	Mode	CAE/CRR	Mag	Divide by Ten	Notes	Function	Line-Style	Point-Style	Sweeps-Acquired
3	true	Original	275.000	295.000	0.100	10	0.200	CAE	50.00	High	false	c	7 Channel Acquisition			10
Layer	Enabled	DataFlag	Notes	Formula	Line-Style	Point-Style
1	True		Ch(1)+Ch(2)+Ch(3)+Ch(4)+Ch(5)+Ch(6)+Ch(7)		
Energy	Counts
275.000	677
275.100	668
275.200	684
275.300	661
275.400	649
275.500	656
275.600	650
275.700	673
275.800	661
275.900	636
276.000	634
276.100	674
276.200	668
276.300	678
276.400	667
276.500	685
276.600	681
276.700	645
276.800	673
276.900	673
277.000	678
277.100	674
277.200	669
277.300	689
277.400	698
277.500	684
277.600	648
277.700	664
277.800	660
277.900	704
278.000	671
278.100	676
278.200	657
278.300	674
278.400	642
278.500	663
278.600	698
278.700	668
278.800	641
278.900	664
279.000	653
279.100	631
279.200	646
279.300	655
279.400	651
279.500	663
279.600	662
279.700	672
279.800	677
279.900	673
280.000	657
280.100	671
280.200	701
280.300	679
280.400	688
280.500	681
280.600	683
280.700	635
280.800	673
280.900	674
281.000	647
281.100	626
281.200	631
281.300	658
281.400	655
281.500	692
281.600	721
281.700	663
281.800	664
281.900	685
282.000	662
282.100	694
282.200	678
282.300	660
282.400	675
282.500	689
282.600	691
282.700	704
282.800	669
282.900	704
283.000	686
283.100	710
283.200	730
283.300	721
283.400	723
283.500	707
283.600	715
283.700	713
283.800	739
283.900	765
284.000	802
284.100	788
284.200	742
284.300	753
284.400	785
284.500	759
284.600	772
284.700	777
284.800	770
284.900	762
285.000	758
285.100	784
285.200	782
285.300	818
285.400	796
285.500	810
285.600	806
285.700	844
285.800	834
285.900	819
286.000	851
286.100	825
286.200	797
286.300	847
286.400	857
286.500	848
286.600	861
286.700	893
286.800	870
286.900	822
287.000	852
287.100	853
287.200	826
287.300	813
287.400	797
287.500	815
287.600	771
287.700	757
287.800	779
287.900	772
288.000	756
288.100	714
288.200	714
288.300	704
288.400	713
288.500	733
288.600	711
288.700	739
288.800	711
288.900	720
289.000	726
289.100	705
289.200	704
289.300	709
289.400	680
289.500	687
289.600	715
289.700	692
289.800	699
289.900	689
290.000	682
290.100	660
290.200	648
290.300	633
290.400	656
290.500	677
290.600	679
290.700	706
290.800	720
290.900	696
291.000	681
291.100	695
291.200	707
291.300	681
291.400	686
291.500	664
291.600	692
291.700	667
291.800	677
291.900	684
292.000	655
292.100	661
292.200	690
292.300	634
292.400	683
292.500	658
292.600	617
292.700	684
292.800	677
292.900	683
293.000	717
293.100	704
293.200	670
293.300	697
293.400	691
293.500	720
293.600	686
293.700	700
293.800	727
293.900	686
294.000	680
294.100	676
294.200	692
294.300	683
294.400	690
294.500	719
294.600	693
294.700	702
294.800	691
294.900	699
295.000	697
Region	Enabled	DataFlag	Start	End	Step	Sweeps	Dwell	Mode	CAE/CRR	Mag	Divide by Ten	Notes	Function	Line-Style	Point-Style	Sweeps-Acquired
4	true	Original	110.000	90.000	-0.100	5	0.200	CAE	50.00	High	false	Si	7 Channel Acquisition			5
Layer	Enabled	DataFlag	Notes	Formula	Line-Style	Point-Style
1	True		Ch(1)+Ch(2)+Ch(3)+Ch(4)+Ch(5)+Ch(6)+Ch(7)		
Energy	Counts
110.000	106
109.900	112
109.800	117
109.700	116
109.600	104
109.500	103
109.400	97
109.300	103
109.200	110
109.100	109
109.000	104
108.900	106
108.800	103
108.700	95
108.600	98
108.500	107
108.400	101
108.300	92
108.200	114
108.100	103
108.000	112
107.900	109
107.800	100
107.700	92
107.600	103
107.500	96
107.400	118
107.300	98
107.200	107
107.100	115
107.000	129
106.900	104
106.800	107
106.700	95
106.600	99
106.500	99
106.400	115
106.300	114
106.200	115
106.100	137
106.000	147
105.900	139
105.800	146
105.700	165
105.600	156
105.500	198
105.400	217
105.300	254
105.200	306
105.100	328
105.000	397
104.900	414
104.800	475
104.700	547
104.600	617
104.500	710
104.400	808
104.300	936
104.200	1049
104.100	1216
104.000	1326
103.900	1414
103.800	1536
103.700	1660
103.600	1785
103.500	1919
103.400	1996
103.300	2123
103.200	2130
103.100	2163
103.000	2201
102.900	2169
102.800	2194
102.700	2160
102.600	2102
102.500	2001
102.400	1803
102.300	1775
102.200	1626
102.100	1457
102.000	1328
101.900	1235
101.800	1108
101.700	909
101.600	779
101.500	680
101.400	578
101.300	479
101.200	404
101.100	365
101.000	300
100.900	256
100.800	230
100.700	180
100.600	146
100.500	141
100.400	144
100.300	124
100.200	111
100.100	108
100.000	105
99.900	101
99.800	96
99.700	97
99.600	99
99.500	92
99.400	100
99.300	96
99.200	89
99.100	93
99.000	99
98.900	115
98.800	104
98.700	105
98.600	92
98.500	100
98.400	94
98.300	90
98.200	107
98.100	95
98.000	92
97.900	89
97.800	93
97.700	103
97.600	94
97.500	90
97.400	97
97.300	101
97.200	98
97.100	95
97.000	108
96.900	96
96.800	89
96.700	108
96.600	96
96.500	104
96.400	98
96.300	117
96.200	106
96.100	103
96.000	99
95.900	92
95.800	86
95.700	92
95.600	93
95.500	102
95.400	93
95.300	96
95.200	97
95.100	97
95.000	98
94.900	109
94.800	100
94.700	85
94.600	90
94.500	96
94.400	87
94.300	101
94.200	79
94.100	93
94.000	89
93.900	93
93.800	94
93.700	93
93.600	94
93.500	102
93.400	108
93.300	99
93.200	90
93.100	99
93.000	105
92.900	98
92.800	98
92.700	107
92.600	98
92.500	93
92.400	99
92.300	110
92.200	98
92.100	95
92.000	103
91.900	104
91.800	97
91.700	104
91.600	94
91.500	89
91.400	90
91.300	98
91.200	110
91.100	103
91.000	101
90.900	110
90.800	113
90.700	98
90.600	91
90.500	98
90.400	101
90.300	100
90.200	105
90.100	110
90.000	113
Region	Enabled	DataFlag	Start	End	Step	Sweeps	Dwell	Mode	CAE/CRR	Mag	Divide by Ten	Notes	Function	Line-Style	Point-Style	Sweeps-Acquired
5	true	Original	890.000	840.000	-0.100	40	0.200	CAE	50.00	High	false	Ni	7 Channel Acquisition			40
Layer	Enabled	DataFlag	Notes	Formula	Line-Style	Point-Style
1	True		Ch(1)+Ch(2)+Ch(3)+Ch(4)+Ch(5)+Ch(6)+Ch(7)		
Energy	Counts
890.000	13647
889.900	13448
889.800	13391
889.700	13419
889.600	13520
889.500	13631
889.400	13532
889.300	13584
889.200	13543
889.100	13369
889.000	13485
888.900	13552
888.800	13476
888.700	13360
888.600	13527
888.500	13511
888.400	13497
888.300	13629
888.200	13481
888.100	13485
888.000	13526
887.900	13500
887.800	13481
887.700	13510
887.600	13493
887.500	13402
887.400	13529
887.300	13442
887.200	13626
887.100	13593
887.000	13495
886.900	13595
886.800	13526
886.700	13563
886.600	13615
886.500	13528
886.400	13557
886.300	13574
886.200	13587
886.100	13465
886.000	13555
885.900	13475
885.800	13602
885.700	13555
885.600	13611
885.500	13745
885.400	13688
885.300	13672
885.200	13659
885.100	13660
885.000	13693
884.900	13509
884.800	13619
884.700	13814
884.600	13778
884.500	13682
884.400	13830
884.300	13835
884.200	13822
884.100	13828
884.000	13781
883.900	13821
883.800	13957
883.700	14052
883.600	14015
883.500	13889
883.400	13999
883.300	13950
883.200	13728
883.100	13833
883.000	14061
882.900	14101
882.800	14113
882.700	14076
882.600	14022
882.500	14193
882.400	14107
882.300	14051
882.200	14005
882.100	14209
882.000	14110
881.900	14245
881.800	14178
881.700	14430
881.600	14323
881.500	14147
881.400	14118
881.300	14096
881.200	14225
881.100	14421
881.000	14660
880.900	14374
880.800	14368
880.700	14205
880.600	14334
880.500	14396
880.400	14253
880.300	14398
880.200	14350
880.100	14414
880.000	14395
879.900	14371
879.800	14271
879.700	14176
879.600	14233
879.500	14408
879.400	14426
879.300	14301
879.200	14229
879.100	14353
879.000	14270
878.900	14417
878.800	14335
878.700	14123
878.600	14270
878.500	14222
878.400	14212
878.300	14260
878.200	14215
878.100	14255
878.000	14181
877.900	14222
877.800	14145
877.700	14149
877.600	14173
877.500	14257
877.400	14307
877.300	14229
877.200	14253
877.100	14133
877.000	14233
876.900	14151
876.800	14188
876.700	14311
876.600	14232
876.500	14508
876.400	14438
876.300	14308
876.200	14469
876.100	14351
876.000	14427
875.900	14443
875.800	14484
875.700	14554
875.600	14554
875.500	14532
875.400	14508
875.300	14557
875.200	14544
875.100	14688
875.000	14686
874.900	14794
874.800	14639
874.700	14582
874.600	14723
874.500	14949
874.400	14930
874.300	14849
874.200	14819
874.100	14805
874.000	14865
873.900	14923
873.800	14898
873.700	14756
873.600	14622
873.500	14682
873.400	14723
873.300	14562
873.200	14457
873.100	14405
873.000	14502
872.900	14641
872.800	14359
872.700	14393
872.600	14366
872.500	14371
872.400	14527
872.300	14384
872.200	14246
872.100	14171
872.000	14240
871.900	14390
871.800	14216
871.700	14178
871.600	14216
871.500	14059
871.400	13898
871.300	13920
871.200	13998
871.100	13967
871.000	13760
870.900	13721
870.800	13712
870.700	13798
870.600	13543
870.500	13663
870.400	13626
870.300	13598
870.200	13503
870.100	13607
870.000	13369
869.900	13279
869.800	13220
869.700	13375
869.600	13353
869.500	13228
869.400	13092
869.300	13127
869.200	13139
869.100	13177
869.000	13115
868.900	13120
868.800	13094
868.700	13145
868.600	13232
868.500	13163
868.400	13221
868.300	13279
868.200	13151
868.100	13266
868.000	13218
867.900	13146
867.800	13266
867.700	13325
867.600	13203
867.500	13236
867.400	13110
867.300	13288
867.200	13333
867.100	13174
867.000	13180
866.900	13259
866.800	13316
866.700	13360
866.600	13371
866.500	13431
866.400	13384
866.300	13441
866.200	13387
866.100	13340
866.000	13283
865.900	13356
865.800	13268
865.700	13344
865.600	13348
865.500	13411
865.400	13386
865.300	13418
865.200	13622
865.100	13535
865.000	13648
864.900	13787
864.800	13736
864.700	13733
864.600	13943
864.500	13887
864.400	13796
864.300	13844
864.200	13935
864.100	13929
864.000	13874
863.900	13979
863.800	13936
863.700	13847
863.600	13984
863.500	14081
863.400	14188
863.300	14264
863.200	14315
863.100	14041
863.000	14174
862.900	14356
862.800	14341
862.700	14328
862.600	14277
862.500	14295
862.400	14327
862.300	14304
862.200	14388
862.100	14393
862.000	14230
861.900	14289
861.800	14302
861.700	14250
861.600	14342
861.500	14208
861.400	14262
861.300	14256
861.200	14254
861.100	14174
861.000	14108
860.900	14061
860.800	14130
860.700	14107
860.600	14216
860.500	14268
860.400	14291
860.300	14241
860.200	14014
860.100	14111
860.000	14058
859.900	14204
859.800	14072
859.700	14108
859.600	14057
859.500	14057
859.400	14084
859.300	14131
859.200	14055
859.100	14087
859.000	14176
858.900	14081
858.800	14281
858.700	14356
858.600	14480
858.500	14493
858.400	14460
858.300	14546
858.200	14609
858.100	14765
858.000	14774
857.900	14903
857.800	15031
857.700	15063
857.600	15179
857.500	15367
857.400	15426
857.300	15582
857.200	15798
857.100	15676
857.000	15769
856.900	15807
856.800	15749
856.700	15798
856.600	15887
856.500	15905
856.400	15868
856.300	15873
856.200	15824
856.100	16069
856.000	15866
855.900	15764
855.800	15926
855.700	15785
855.600	15673
855.500	15637
855.400	15625
855.300	15501
855.200	15434
855.100	15399
855.000	15362
854.900	15235
854.800	15238
854.700	15211
854.600	15121
854.500	15249
854.400	15047
854.300	15286
854.200	15252
854.100	14966
854.000	14952
853.900	14873
853.800	14690
853.700	14585
853.600	14476
853.500	14313
853.400	13996
853.300	13791
853.200	13593
853.100	13481
853.000	13213
852.900	13001
852.800	12889
852.700	12739
852.600	12631
852.500	12447
852.400	12475
852.300	12458
852.200	12473
852.100	12401
852.000	12155
851.900	12238
851.800	12349
851.700	12316
851.600	12319
851.500	12168
851.400	12168
851.300	12256
851.200	12194
851.100	12142
851.000	12079
850.900	12033
850.800	12096
850.700	12024
850.600	12094
850.500	12071
850.400	12164
850.300	12041
850.200	12088
850.100	12067
850.000	12035
849.900	11928
849.800	12107
849.700	11970
849.600	12075
849.500	11932
849.400	12021
849.300	12044
849.200	12138
849.100	12111
849.000	12157
848.900	11995
848.800	11948
848.700	12063
848.600	12243
848.500	12121
848.400	12005
848.300	12099
848.200	12072
848.100	12123
848.000	12077
847.900	12054
847.800	12062
847.700	12072
847.600	12016
847.500	12064
847.400	11986
847.300	12093
847.200	12042
847.100	11925
847.000	11919
846.900	11975
846.800	12129
846.700	12270
846.600	12178
846.500	12104
846.400	12171
846.300	12034
846.200	12073
846.100	11996
846.000	12154
845.900	12147
845.800	12078
845.700	12001
845.600	12092
845.500	12123
845.400	12030
845.300	11986
845.200	12010
845.100	12017
845.000	12022
844.900	12100
844.800	11984
844.700	12054
844.600	12048
844.500	12069
844.400	12074
844.300	12050
844.200	12069
844.100	11994
844.000	11969
843.900	12023
843.800	11928
843.700	12178
843.600	12156
843.500	12111
843.400	12080
843.300	12020
843.200	12044
843.100	12037
843.000	11988
842.900	12122
842.800	12101
842.700	11948
842.600	11941
842.500	12145
842.400	12145
842.300	12150
842.200	12037
842.100	12048
842.000	12142
841.900	12086
841.800	12224
841.700	12170
841.600	11997
841.500	12116
841.400	12196
841.300	12181
841.200	12021
841.100	12074
841.000	12151
840.900	12098
840.800	12244
840.700	12070
840.600	12156
840.500	12324
840.400	12324
840.300	12240
840.200	11935
840.100	12185
840.000	12095
Region	Enabled	DataFlag	Start	End	Step	Sweeps	Dwell	Mode	CAE/CRR	Mag	Divide by Ten	Notes	Function	Line-Style	Point-Style	Sweeps-Acquired
6	true	Original	545.000	525.000	-0.100	1	0.200	CAE	50.00	High	false	O V	7 Channel Acquisition			1
Layer	Enabled	DataFlag	Notes	Formula	Line-Style	Point-Style
1	True		Ch(1)+Ch(2)+Ch(3)+Ch(4)+Ch(5)+Ch(6)+Ch(7)		
Energy	Counts
545.000	220
544.900	250
544.800	254
544.700	248
544.600	252
544.500	235
544.400	224
544.300	218
544.200	222
544.100	217
544.000	229
543.900	224
543.800	228
543.700	228
543.600	209
543.500	185
543.400	188
543.300	173
543.200	205
543.100	180
543.000	198
542.900	193
542.800	162
542.700	164
542.600	167
542.500	159
542.400	169
542.300	161
542.200	153
542.100	149
542.000	144
541.900	140
541.800	147
541.700	143
541.600	129
541.500	116
541.400	127
541.300	124
541.200	127
541.100	114
541.000	108
540.900	109
540.800	116
540.700	101
540.600	100
540.500	87
540.400	102
540.300	105
540.200	113
540.100	97
540.000	94
539.900	98
539.800	92
539.700	86
539.600	107
539.500	97
539.400	87
539.300	96
539.200	94
539.100	116
539.000	86
538.900	90
538.800	91
538.700	104
538.600	98
538.500	93
538.400	88
538.300	75
538.200	82
538.100	88
538.000	89
537.900	85
537.800	89
537.700	84
537.600	92
537.500	93
537.400	100
537.300	94
537.200	96
537.100	86
537.000	86
536.900	88
536.800	105
536.700	98
536.600	99
536.500	105
536.400	114
536.300	128
536.200	108
536.100	97
536.000	99
535.900	131
535.800	155
535.700	150
535.600	151
535.500	160
535.400	183
535.300	180
535.200	200
535.100	229
535.000	253
534.900	293
534.800	334
534.700	373
534.600	438
534.500	464
534.400	495
534.300	568
534.200	683
534.100	805
534.000	908
533.900	1000
533.800	1109
533.700	1281
533.600	1430
533.500	1569
533.400	1694
533.300	1818
533.200	2059
533.100	2221
533.000	2383
532.900	2506
532.800	2694
532.700	2794
532.600	2924
532.500	2958
532.400	3049
532.300	3031
532.200	2948
532.100	2987
532.000	2962
531.900	2797
531.800	2696
531.700	2544
531.600	2281
531.500	2147
531.400	2022
531.300	1786
531.200	1629
531.100	1432
531.000	1211
530.900	1053
530.800	917
530.700	803
530.600	679
530.500	585
530.400	513
530.300	417
530.200	322
530.100	292
530.000	269
529.900	246
529.800	221
529.700	190
529.600	170
529.500	156
529.400	137
529.300	152
529.200	130
529.100	122
529.000	123
528.900	115
528.800	112
528.700	102
528.600	97
528.500	100
528.400	99
528.300	97
528.200	98
528.100	87
528.000	90
527.900	80
527.800	84
527.700	83
527.600	93
527.500	90
527.400	83
527.300	97
527.200	99
527.100	81
527.000	74
526.900	87
526.800	75
526.700	78
526.600	84
526.500	81
526.400	73
526.300	82
526.200	86
526.100	91
526.000	83
525.900	78
525.800	67
525.700	89
525.600	88
525.500	81
525.400	88
525.300	82
525.200	93
525.100	93
525.000	83
