Region	Enabled	DataFlag	Start	End	Step	Sweeps	Dwell	Mode	CAE/CRR	Mag	Divide by Ten	Notes	Function	Line-Style	Point-Style	Sweeps-Acquired
1	true	Original	1400.0	0.0	-0.5	1	0.200	CAE	50.00	High	false		7 Channel Acquisition			1
Layer	Enabled	DataFlag	Notes	Formula	Line-Style	Point-Style
1	True		Ch(1)+Ch(2)+Ch(3)+Ch(4)+Ch(5)+Ch(6)+Ch(7)		
Energy	Counts
1400.0	359
1399.5	352
1399.0	364
1398.5	392
1398.0	354
1397.5	348
1397.0	364
1396.5	364
1396.0	358
1395.5	345
1395.0	360
1394.5	365
1394.0	351
1393.5	340
1393.0	347
1392.5	363
1392.0	370
1391.5	368
1391.0	343
1390.5	316
1390.0	330
1389.5	329
1389.0	362
1388.5	331
1388.0	353
1387.5	354
1387.0	314
1386.5	344
1386.0	327
1385.5	333
1385.0	343
1384.5	346
1384.0	342
1383.5	332
1383.0	332
1382.5	339
1382.0	360
1381.5	337
1381.0	364
1380.5	327
1380.0	313
1379.5	321
1379.0	308
1378.5	321
1378.0	328
1377.5	353
1377.0	311
1376.5	326
1376.0	318
1375.5	334
1375.0	281
1374.5	318
1374.0	316
1373.5	311
1373.0	338
1372.5	335
1372.0	316
1371.5	319
1371.0	317
1370.5	306
1370.0	331
1369.5	314
1369.0	299
1368.5	310
1368.0	296
1367.5	329
1367.0	307
1366.5	300
1366.0	275
1365.5	290
1365.0	305
1364.5	282
1364.0	272
1363.5	280
1363.0	279
1362.5	283
1362.0	307
1361.5	282
1361.0	301
1360.5	303
1360.0	303
1359.5	286
1359.0	288
1358.5	304
1358.0	286
1357.5	266
1357.0	300
1356.5	291
1356.0	298
1355.5	293
1355.0	312
1354.5	302
1354.0	288
1353.5	297
1353.0	271
1352.5	258
1352.0	299
1351.5	303
1351.0	283
1350.5	270
1350.0	279
1349.5	270
1349.0	247
1348.5	295
1348.0	297
1347.5	279
1347.0	286
1346.5	317
1346.0	273
1345.5	277
1345.0	279
1344.5	251
1344.0	279
1343.5	284
1343.0	283
1342.5	301
1342.0	290
1341.5	281
1341.0	279
1340.5	270
1340.0	289
1339.5	280
1339.0	263
1338.5	310
1338.0	282
1337.5	282
1337.0	291
1336.5	278
1336.0	262
1335.5	265
1335.0	269
1334.5	280
1334.0	249
1333.5	281
1333.0	285
1332.5	280
1332.0	271
1331.5	312
1331.0	281
1330.5	255
1330.0	277
1329.5	266
1329.0	273
1328.5	280
1328.0	262
1327.5	277
1327.0	297
1326.5	273
1326.0	269
1325.5	262
1325.0	278
1324.5	273
1324.0	282
1323.5	271
1323.0	286
1322.5	270
1322.0	283
1321.5	262
1321.0	272
1320.5	280
1320.0	287
1319.5	304
1319.0	279
1318.5	279
1318.0	269
1317.5	290
1317.0	282
1316.5	278
1316.0	284
1315.5	285
1315.0	256
1314.5	249
1314.0	287
1313.5	274
1313.0	268
1312.5	288
1312.0	258
1311.5	260
1311.0	249
1310.5	273
1310.0	277
1309.5	280
1309.0	303
1308.5	278
1308.0	257
1307.5	259
1307.0	265
1306.5	296
1306.0	292
1305.5	284
1305.0	273
1304.5	278
1304.0	266
1303.5	268
1303.0	303
1302.5	274
1302.0	281
1301.5	279
1301.0	293
1300.5	295
1300.0	275
1299.5	272
1299.0	268
1298.5	306
1298.0	294
1297.5	280
1297.0	280
1296.5	271
1296.0	271
1295.5	267
1295.0	244
1294.5	259
1294.0	280
1293.5	294
1293.0	284
1292.5	261
1292.0	293
1291.5	300
1291.0	300
1290.5	280
1290.0	246
1289.5	266
1289.0	284
1288.5	302
1288.0	264
1287.5	263
1287.0	281
1286.5	285
1286.0	277
1285.5	285
1285.0	268
1284.5	282
1284.0	275
1283.5	283
1283.0	269
1282.5	289
1282.0	275
1281.5	290
1281.0	287
1280.5	282
1280.0	267
1279.5	260
1279.0	264
1278.5	251
1278.0	280
1277.5	303
1277.0	278
1276.5	272
1276.0	270
1275.5	272
1275.0	304
1274.5	298
1274.0	266
1273.5	275
1273.0	255
1272.5	264
1272.0	290
1271.5	280
1271.0	258
1270.5	267
1270.0	278
1269.5	259
1269.0	286
1268.5	285
1268.0	281
1267.5	263
1267.0	286
1266.5	285
1266.0	246
1265.5	292
1265.0	280
1264.5	293
1264.0	277
1263.5	292
1263.0	305
1262.5	278
1262.0	304
1261.5	280
1261.0	310
1260.5	288
1260.0	281
1259.5	264
1259.0	309
1258.5	294
1258.0	287
1257.5	292
1257.0	281
1256.5	287
1256.0	270
1255.5	281
1255.0	239
1254.5	291
1254.0	277
1253.5	286
1253.0	261
1252.5	274
1252.0	258
1251.5	299
1251.0	279
1250.5	274
1250.0	300
1249.5	315
1249.0	297
1248.5	264
1248.0	317
1247.5	321
1247.0	308
1246.5	308
1246.0	290
1245.5	285
1245.0	293
1244.5	270
1244.0	296
1243.5	306
1243.0	290
1242.5	292
1242.0	275
1241.5	282
1241.0	303
1240.5	307
1240.0	291
1239.5	292
1239.0	295
1238.5	304
1238.0	292
1237.5	306
1237.0	276
1236.5	302
1236.0	278
1235.5	279
1235.0	324
1234.5	286
1234.0	278
1233.5	291
1233.0	286
1232.5	298
1232.0	290
1231.5	278
1231.0	307
1230.5	330
1230.0	309
1229.5	310
1229.0	318
1228.5	327
1228.0	292
1227.5	311
1227.0	293
1226.5	314
1226.0	287
1225.5	290
1225.0	320
1224.5	312
1224.0	325
1223.5	327
1223.0	293
1222.5	310
1222.0	321
1221.5	309
1221.0	291
1220.5	322
1220.0	297
1219.5	308
1219.0	295
1218.5	297
1218.0	266
1217.5	286
1217.0	334
1216.5	294
1216.0	306
1215.5	289
1215.0	273
1214.5	313
1214.0	289
1213.5	293
1213.0	296
1212.5	303
1212.0	306
1211.5	294
1211.0	261
1210.5	310
1210.0	289
1209.5	287
1209.0	291
1208.5	324
1208.0	298
1207.5	319
1207.0	306
1206.5	308
1206.0	325
1205.5	292
1205.0	316
1204.5	301
1204.0	306
1203.5	296
1203.0	277
1202.5	318
1202.0	319
1201.5	309
1201.0	290
1200.5	318
1200.0	309
1199.5	299
1199.0	333
1198.5	311
1198.0	314
1197.5	328
1197.0	304
1196.5	313
1196.0	311
1195.5	336
1195.0	299
1194.5	310
1194.0	311
1193.5	291
1193.0	336
1192.5	324
1192.0	308
1191.5	323
1191.0	307
1190.5	296
1190.0	322
1189.5	298
1189.0	333
1188.5	311
1188.0	333
1187.5	320
1187.0	326
1186.5	319
1186.0	311
1185.5	318
1185.0	313
1184.5	317
1184.0	315
1183.5	290
1183.0	297
1182.5	307
1182.0	299
1181.5	332
1181.0	340
1180.5	326
1180.0	352
1179.5	352
1179.0	327
1178.5	309
1178.0	319
1177.5	326
1177.0	307
1176.5	307
1176.0	327
1175.5	290
1175.0	341
1174.5	337
1174.0	329
1173.5	307
1173.0	316
1172.5	343
1172.0	291
1171.5	322
1171.0	358
1170.5	335
1170.0	336
1169.5	336
1169.0	327
1168.5	337
1168.0	347
1167.5	324
1167.0	327
1166.5	331
1166.0	344
1165.5	345
1165.0	341
1164.5	332
1164.0	357
1163.5	337
1163.0	322
1162.5	335
1162.0	356
1161.5	327
1161.0	358
1160.5	335
1160.0	359
1159.5	350
1159.0	334
1158.5	357
1158.0	319
1157.5	313
1157.0	358
1156.5	324
1156.0	320
1155.5	306
1155.0	341
1154.5	354
1154.0	333
1153.5	324
1153.0	331
1152.5	370
1152.0	348
1151.5	290
1151.0	340
1150.5	319
1150.0	343
1149.5	366
1149.0	339
1148.5	336
1148.0	357
1147.5	355
1147.0	355
1146.5	341
1146.0	344
1145.5	366
1145.0	346
1144.5	372
1144.0	369
1143.5	351
1143.0	361
1142.5	369
1142.0	359
1141.5	353
1141.0	348
1140.5	374
1140.0	365
1139.5	355
1139.0	358
1138.5	367
1138.0	339
1137.5	350
1137.0	360
1136.5	353
1136.0	383
1135.5	347
1135.0	370
1134.5	348
1134.0	365
1133.5	354
1133.0	340
1132.5	364
1132.0	369
1131.5	366
1131.0	354
1130.5	349
1130.0	335
1129.5	357
1129.0	361
1128.5	353
1128.0	364
1127.5	342
1127.0	346
1126.5	384
1126.0	376
1125.5	374
1125.0	353
1124.5	379
1124.0	342
1123.5	348
1123.0	397
1122.5	393
1122.0	399
1121.5	384
1121.0	372
1120.5	370
1120.0	346
1119.5	363
1119.0	397
1118.5	412
1118.0	388
1117.5	366
1117.0	357
1116.5	377
1116.0	377
1115.5	366
1115.0	366
1114.5	374
1114.0	360
1113.5	379
1113.0	380
1112.5	354
1112.0	344
1111.5	371
1111.0	380
1110.5	349
1110.0	378
1109.5	367
1109.0	363
1108.5	397
1108.0	381
1107.5	371
1107.0	385
1106.5	370
1106.0	365
1105.5	399
1105.0	361
1104.5	386
1104.0	398
1103.5	379
1103.0	365
1102.5	387
1102.0	405
1101.5	398
1101.0	415
1100.5	369
1100.0	393
1099.5	388
1099.0	387
1098.5	395
1098.0	391
1097.5	401
1097.0	372
1096.5	371
1096.0	378
1095.5	377
1095.0	392
1094.5	405
1094.0	367
1093.5	419
1093.0	408
1092.5	417
1092.0	383
1091.5	361
1091.0	381
1090.5	422
1090.0	392
1089.5	394
1089.0	373
1088.5	380
1088.0	427
1087.5	405
1087.0	380
1086.5	393
1086.0	374
1085.5	396
1085.0	407
1084.5	411
1084.0	407
1083.5	362
1083.0	387
1082.5	408
1082.0	359
1081.5	431
1081.0	399
1080.5	405
1080.0	389
1079.5	373
1079.0	390
1078.5	373
1078.0	404
1077.5	394
1077.0	413
1076.5	404
1076.0	378
1075.5	407
1075.0	417
1074.5	402
1074.0	411
1073.5	415
1073.0	413
1072.5	419
1072.0	433
1071.5	419
1071.0	422
1070.5	418
1070.0	409
1069.5	415
1069.0	407
1068.5	410
1068.0	445
1067.5	425
1067.0	406
1066.5	423
1066.0	401
1065.5	419
1065.0	453
1064.5	431
1064.0	444
1063.5	452
1063.0	407
1062.5	420
1062.0	422
1061.5	415
1061.0	430
1060.5	421
1060.0	443
1059.5	427
1059.0	418
1058.5	411
1058.0	391
1057.5	413
1057.0	423
1056.5	409
1056.0	407
1055.5	407
1055.0	411
1054.5	439
1054.0	403
1053.5	409
1053.0	418
1052.5	455
1052.0	443
1051.5	451
1051.0	437
1050.5	451
1050.0	413
1049.5	416
1049.0	385
1048.5	416
1048.0	430
1047.5	440
1047.0	456
1046.5	462
1046.0	455
1045.5	453
1045.0	419
1044.5	386
1044.0	389
1043.5	457
1043.0	471
1042.5	439
1042.0	463
1041.5	458
1041.0	465
1040.5	458
1040.0	423
1039.5	428
1039.0	461
1038.5	437
1038.0	462
1037.5	459
1037.0	436
1036.5	458
1036.0	438
1035.5	429
1035.0	451
1034.5	435
1034.0	465
1033.5	478
1033.0	459
1032.5	478
1032.0	452
1031.5	463
1031.0	485
1030.5	485
1030.0	424
1029.5	471
1029.0	437
1028.5	493
1028.0	483
1027.5	473
1027.0	496
1026.5	462
1026.0	463
1025.5	489
1025.0	492
1024.5	469
1024.0	476
1023.5	463
1023.0	462
1022.5	465
1022.0	484
1021.5	490
1021.0	484
1020.5	488
1020.0	488
1019.5	497
1019.0	502
1018.5	502
1018.0	503
1017.5	488
1017.0	469
1016.5	502
1016.0	482
1015.5	470
1015.0	467
1014.5	505
1014.0	496
1013.5	470
1013.0	473
1012.5	502
1012.0	508
1011.5	493
1011.0	519
1010.5	494
1010.0	476
1009.5	482
1009.0	477
1008.5	486
1008.0	498
1007.5	509
1007.0	530
1006.5	495
1006.0	511
1005.5	531
1005.0	528
1004.5	509
1004.0	516
1003.5	565
1003.0	559
1002.5	552
1002.0	512
1001.5	552
1001.0	608
1000.5	567
1000.0	527
999.5	542
999.0	522
998.5	498
998.0	479
997.5	469
997.0	508
996.5	512
996.0	480
995.5	460
995.0	469
994.5	502
994.0	453
993.5	468
993.0	457
992.5	463
992.0	395
991.5	434
991.0	452
990.5	445
990.0	464
989.5	470
989.0	536
988.5	459
988.0	458
987.5	498
987.0	484
986.5	480
986.0	529
985.5	499
985.0	532
984.5	560
984.0	541
983.5	611
983.0	622
982.5	624
982.0	674
981.5	679
981.0	711
980.5	711
980.0	677
979.5	659
979.0	656
978.5	644
978.0	569
977.5	552
977.0	506
976.5	518
976.0	495
975.5	469
975.0	449
974.5	431
974.0	435
973.5	390
973.0	403
972.5	394
972.0	350
971.5	372
971.0	385
970.5	355
970.0	357
969.5	356
969.0	330
968.5	352
968.0	297
967.5	286
967.0	290
966.5	313
966.0	268
965.5	276
965.0	311
964.5	293
964.0	295
963.5	299
963.0	310
962.5	286
962.0	308
961.5	319
961.0	316
960.5	295
960.0	296
959.5	291
959.0	251
958.5	298
958.0	283
957.5	311
957.0	296
956.5	279
956.0	305
955.5	286
955.0	297
954.5	293
954.0	316
953.5	308
953.0	305
952.5	276
952.0	293
951.5	275
951.0	268
950.5	286
950.0	279
949.5	313
949.0	327
948.5	287
948.0	297
947.5	275
947.0	299
946.5	315
946.0	284
945.5	273
945.0	301
944.5	300
944.0	278
943.5	274
943.0	295
942.5	312
942.0	303
941.5	342
941.0	318
940.5	306
940.0	325
939.5	298
939.0	289
938.5	311
938.0	295
937.5	303
937.0	305
936.5	287
936.0	293
935.5	299
935.0	318
934.5	300
934.0	314
933.5	303
933.0	297
932.5	307
932.0	294
931.5	296
931.0	347
930.5	282
930.0	274
929.5	279
929.0	297
928.5	271
928.0	315
927.5	300
927.0	291
926.5	292
926.0	299
925.5	272
925.0	298
924.5	308
924.0	311
923.5	320
923.0	305
922.5	309
922.0	284
921.5	299
921.0	287
920.5	279
920.0	297
919.5	310
919.0	313
918.5	287
918.0	311
917.5	291
917.0	290
916.5	287
916.0	298
915.5	313
915.0	316
914.5	319
914.0	312
913.5	309
913.0	294
912.5	281
912.0	319
911.5	337
911.0	320
910.5	306
910.0	301
909.5	282
909.0	309
908.5	303
908.0	292
907.5	288
907.0	290
906.5	299
906.0	292
905.5	319
905.0	312
904.5	294
904.0	299
903.5	316
903.0	324
902.5	300
902.0	292
901.5	289
901.0	293
900.5	307
900.0	303
899.5	306
899.0	315
898.5	318
898.0	317
897.5	327
897.0	311
896.5	305
896.0	290
895.5	293
895.0	322
894.5	308
894.0	284
893.5	284
893.0	306
892.5	342
892.0	336
891.5	300
891.0	304
890.5	313
890.0	307
889.5	286
889.0	316
888.5	302
888.0	291
887.5	281
887.0	321
886.5	328
886.0	293
885.5	268
885.0	311
884.5	326
884.0	301
883.5	309
883.0	278
882.5	307
882.0	294
881.5	283
881.0	311
880.5	323
880.0	322
879.5	319
879.0	340
878.5	319
878.0	297
877.5	308
877.0	319
876.5	318
876.0	303
875.5	289
875.0	315
874.5	304
874.0	311
873.5	318
873.0	309
872.5	307
872.0	295
871.5	322
871.0	306
870.5	282
870.0	303
869.5	294
869.0	279
868.5	295
868.0	296
867.5	278
867.0	299
866.5	293
866.0	300
865.5	285
865.0	283
864.5	294
864.0	302
863.5	314
863.0	300
862.5	304
862.0	309
861.5	266
861.0	284
860.5	270
860.0	298
859.5	286
859.0	311
858.5	321
858.0	317
857.5	308
857.0	310
856.5	302
856.0	320
855.5	326
855.0	307
854.5	325
854.0	311
853.5	299
853.0	281
852.5	262
852.0	273
851.5	303
851.0	318
850.5	272
850.0	283
849.5	267
849.0	256
848.5	284
848.0	261
847.5	261
847.0	265
846.5	283
846.0	287
845.5	284
845.0	268
844.5	253
844.0	271
843.5	307
843.0	269
842.5	268
842.0	260
841.5	265
841.0	294
840.5	265
840.0	248
839.5	272
839.0	275
838.5	252
838.0	285
837.5	309
837.0	286
836.5	281
836.0	295
835.5	281
835.0	271
834.5	259
834.0	318
833.5	265
833.0	281
832.5	300
832.0	276
831.5	276
831.0	295
830.5	277
830.0	272
829.5	272
829.0	279
828.5	306
828.0	299
827.5	254
827.0	278
826.5	297
826.0	287
825.5	284
825.0	287
824.5	284
824.0	277
823.5	269
823.0	264
822.5	250
822.0	263
821.5	292
821.0	291
820.5	264
820.0	302
819.5	287
819.0	287
818.5	282
818.0	291
817.5	293
817.0	298
816.5	278
816.0	252
815.5	293
815.0	273
814.5	266
814.0	267
813.5	294
813.0	258
812.5	290
812.0	282
811.5	263
811.0	258
810.5	289
810.0	271
809.5	274
809.0	270
808.5	264
808.0	279
807.5	298
807.0	294
806.5	295
806.0	290
805.5	290
805.0	294
804.5	290
804.0	290
803.5	257
803.0	284
802.5	289
802.0	297
801.5	270
801.0	270
800.5	289
800.0	286
799.5	260
799.0	270
798.5	298
798.0	280
797.5	315
797.0	284
796.5	297
796.0	300
795.5	275
795.0	293
794.5	286
794.0	274
793.5	287
793.0	300
792.5	271
792.0	281
791.5	282
791.0	288
790.5	296
790.0	289
789.5	309
789.0	303
788.5	308
788.0	313
787.5	309
787.0	313
786.5	277
786.0	270
785.5	314
785.0	311
784.5	295
784.0	283
783.5	268
783.0	279
782.5	294
782.0	304
781.5	288
781.0	273
780.5	308
780.0	311
779.5	289
779.0	274
778.5	308
778.0	293
777.5	281
777.0	315
776.5	296
776.0	257
775.5	292
775.0	304
774.5	274
774.0	299
773.5	302
773.0	300
772.5	291
772.0	292
771.5	286
771.0	264
770.5	280
770.0	285
769.5	275
769.0	296
768.5	293
768.0	275
767.5	259
767.0	286
766.5	296
766.0	279
765.5	273
765.0	288
764.5	284
764.0	267
763.5	270
763.0	317
762.5	274
762.0	276
761.5	283
761.0	281
760.5	296
760.0	301
759.5	290
759.0	275
758.5	278
758.0	291
757.5	275
757.0	303
756.5	281
756.0	339
755.5	311
755.0	286
754.5	292
754.0	269
753.5	298
753.0	301
752.5	320
752.0	291
751.5	280
751.0	290
750.5	302
750.0	278
749.5	287
749.0	273
748.5	294
748.0	289
747.5	278
747.0	272
746.5	273
746.0	307
745.5	305
745.0	293
744.5	268
744.0	273
743.5	287
743.0	281
742.5	290
742.0	302
741.5	294
741.0	316
740.5	277
740.0	269
739.5	304
739.0	296
738.5	278
738.0	289
737.5	293
737.0	308
736.5	324
736.0	306
735.5	287
735.0	292
734.5	295
734.0	298
733.5	304
733.0	280
732.5	272
732.0	296
731.5	293
731.0	279
730.5	288
730.0	279
729.5	267
729.0	303
728.5	280
728.0	296
727.5	264
727.0	279
726.5	287
726.0	299
725.5	298
725.0	285
724.5	297
724.0	297
723.5	291
723.0	282
722.5	286
722.0	290
721.5	304
721.0	304
720.5	288
720.0	285
719.5	311
719.0	296
718.5	316
718.0	334
717.5	321
717.0	293
716.5	309
716.0	296
715.5	284
715.0	271
714.5	323
714.0	301
713.5	288
713.0	294
712.5	327
712.0	278
711.5	294
711.0	301
710.5	305
710.0	298
709.5	274
709.0	314
708.5	282
708.0	275
707.5	275
707.0	298
706.5	309
706.0	284
705.5	298
705.0	290
704.5	274
704.0	298
703.5	280
703.0	288
702.5	288
702.0	297
701.5	298
701.0	287
700.5	276
700.0	304
699.5	293
699.0	298
698.5	298
698.0	286
697.5	264
697.0	289
696.5	292
696.0	286
695.5	304
695.0	267
694.5	273
694.0	296
693.5	280
693.0	289
692.5	298
692.0	317
691.5	293
691.0	257
690.5	270
690.0	292
689.5	273
689.0	282
688.5	300
688.0	306
687.5	286
687.0	280
686.5	266
686.0	275
685.5	284
685.0	289
684.5	281
684.0	293
683.5	298
683.0	292
682.5	317
682.0	290
681.5	276
681.0	281
680.5	277
680.0	275
679.5	281
679.0	305
678.5	250
678.0	256
677.5	266
677.0	262
676.5	280
676.0	299
675.5	274
675.0	290
674.5	264
674.0	272
673.5	292
673.0	294
672.5	299
672.0	301
671.5	284
671.0	276
670.5	258
670.0	279
669.5	282
669.0	305
668.5	291
668.0	307
667.5	301
667.0	289
666.5	292
666.0	280
665.5	296
665.0	301
664.5	281
664.0	278
663.5	296
663.0	306
662.5	290
662.0	275
661.5	315
661.0	295
660.5	320
660.0	295
659.5	278
659.0	281
658.5	302
658.0	294
657.5	267
657.0	311
656.5	292
656.0	255
655.5	294
655.0	313
654.5	281
654.0	300
653.5	294
653.0	314
652.5	301
652.0	280
651.5	310
651.0	296
650.5	286
650.0	294
649.5	316
649.0	314
648.5	293
648.0	286
647.5	321
647.0	332
646.5	323
646.0	323
645.5	325
645.0	314
644.5	317
644.0	311
643.5	311
643.0	332
642.5	324
642.0	342
641.5	324
641.0	314
640.5	322
640.0	312
639.5	306
639.0	291
638.5	283
638.0	276
637.5	307
637.0	302
636.5	320
636.0	296
635.5	303
635.0	296
634.5	290
634.0	303
633.5	311
633.0	274
632.5	318
632.0	301
631.5	271
631.0	322
630.5	270
630.0	290
629.5	277
629.0	304
628.5	290
628.0	284
627.5	303
627.0	319
626.5	289
626.0	301
625.5	291
625.0	280
624.5	292
624.0	294
623.5	302
623.0	298
622.5	287
622.0	301
621.5	301
621.0	298
620.5	287
620.0	282
619.5	285
619.0	293
618.5	291
618.0	320
617.5	314
617.0	262
616.5	305
616.0	282
615.5	294
615.0	305
614.5	301
614.0	295
613.5	285
613.0	303
612.5	327
612.0	306
611.5	301
611.0	280
610.5	322
610.0	303
609.5	313
609.0	295
608.5	295
608.0	317
607.5	295
607.0	301
606.5	301
606.0	300
605.5	290
605.0	292
604.5	274
604.0	311
603.5	297
603.0	283
602.5	274
602.0	299
601.5	309
601.0	309
600.5	316
600.0	294
599.5	323
599.0	329
598.5	326
598.0	330
597.5	326
597.0	304
596.5	301
596.0	314
595.5	321
595.0	309
594.5	300
594.0	328
593.5	319
593.0	275
592.5	293
592.0	294
591.5	312
591.0	321
590.5	311
590.0	350
589.5	318
589.0	327
588.5	300
588.0	330
587.5	315
587.0	305
586.5	320
586.0	312
585.5	316
585.0	310
584.5	338
584.0	339
583.5	332
583.0	308
582.5	336
582.0	341
581.5	331
581.0	317
580.5	329
580.0	292
579.5	307
579.0	320
578.5	305
578.0	310
577.5	317
577.0	304
576.5	334
576.0	303
575.5	290
575.0	319
574.5	316
574.0	311
573.5	328
573.0	306
572.5	316
572.0	336
571.5	333
571.0	310
570.5	330
570.0	346
569.5	333
569.0	352
568.5	336
568.0	328
567.5	296
567.0	282
566.5	288
566.0	285
565.5	277
565.0	287
564.5	310
564.0	319
563.5	317
563.0	331
562.5	339
562.0	334
561.5	350
561.0	358
560.5	347
560.0	370
559.5	370
559.0	381
558.5	353
558.0	402
557.5	393
557.0	372
556.5	352
556.0	387
555.5	374
555.0	402
554.5	400
554.0	401
553.5	394
553.0	375
552.5	374
552.0	340
551.5	312
551.0	316
550.5	302
550.0	275
549.5	260
549.0	277
548.5	296
548.0	269
547.5	294
547.0	273
546.5	266
546.0	260
545.5	257
545.0	208
544.5	203
544.0	210
543.5	203
543.0	169
542.5	143
542.0	122
541.5	105
541.0	97
540.5	72
540.0	92
539.5	92
539.0	92
538.5	83
538.0	83
537.5	70
537.0	78
536.5	78
536.0	100
535.5	159
535.0	299
534.5	527
534.0	999
533.5	1630
533.0	2274
532.5	2697
532.0	2556
531.5	1893
531.0	1054
530.5	495
530.0	217
529.5	113
529.0	102
528.5	85
528.0	75
527.5	82
527.0	75
526.5	66
526.0	70
525.5	74
525.0	80
524.5	85
524.0	68
523.5	57
523.0	66
522.5	63
522.0	64
521.5	59
521.0	68
520.5	66
520.0	67
519.5	55
519.0	54
518.5	67
518.0	61
517.5	70
517.0	62
516.5	56
516.0	72
515.5	80
515.0	75
514.5	81
514.0	70
513.5	62
513.0	68
512.5	60
512.0	60
511.5	80
511.0	73
510.5	67
510.0	70
509.5	81
509.0	66
508.5	89
508.0	67
507.5	63
507.0	64
506.5	74
506.0	65
505.5	86
505.0	67
504.5	76
504.0	67
503.5	55
503.0	75
502.5	74
502.0	72
501.5	71
501.0	67
500.5	74
500.0	80
499.5	67
499.0	77
498.5	79
498.0	72
497.5	74
497.0	75
496.5	63
496.0	60
495.5	59
495.0	80
494.5	71
494.0	64
493.5	69
493.0	76
492.5	63
492.0	63
491.5	62
491.0	60
490.5	64
490.0	66
489.5	67
489.0	68
488.5	67
488.0	69
487.5	71
487.0	68
486.5	71
486.0	67
485.5	61
485.0	71
484.5	74
484.0	73
483.5	74
483.0	60
482.5	61
482.0	67
481.5	76
481.0	65
480.5	60
480.0	56
479.5	62
479.0	64
478.5	64
478.0	63
477.5	72
477.0	65
476.5	65
476.0	60
475.5	61
475.0	66
474.5	71
474.0	72
473.5	78
473.0	62
472.5	72
472.0	84
471.5	68
471.0	72
470.5	71
470.0	58
469.5	61
469.0	59
468.5	70
468.0	65
467.5	69
467.0	66
466.5	67
466.0	73
465.5	77
465.0	70
464.5	55
464.0	60
463.5	63
463.0	68
462.5	60
462.0	67
461.5	64
461.0	72
460.5	67
460.0	73
459.5	71
459.0	77
458.5	68
458.0	72
457.5	69
457.0	67
456.5	74
456.0	69
455.5	78
455.0	73
454.5	66
454.0	73
453.5	67
453.0	73
452.5	57
452.0	74
451.5	58
451.0	74
450.5	70
450.0	62
449.5	69
449.0	67
448.5	68
448.0	74
447.5	68
447.0	63
446.5	64
446.0	52
445.5	69
445.0	72
444.5	75
444.0	64
443.5	69
443.0	78
442.5	63
442.0	57
441.5	68
441.0	60
440.5	57
440.0	65
439.5	76
439.0	67
438.5	58
438.0	64
437.5	71
437.0	70
436.5	72
436.0	74
435.5	68
435.0	71
434.5	80
434.0	89
433.5	77
433.0	81
432.5	63
432.0	63
431.5	63
431.0	79
430.5	78
430.0	78
429.5	67
429.0	72
428.5	60
428.0	60
427.5	72
427.0	67
426.5	74
426.0	58
425.5	68
425.0	67
424.5	76
424.0	62
423.5	57
423.0	72
422.5	81
422.0	73
421.5	68
421.0	65
420.5	58
420.0	60
419.5	63
419.0	66
418.5	76
418.0	81
417.5	62
417.0	69
416.5	57
416.0	72
415.5	67
415.0	73
414.5	69
414.0	69
413.5	63
413.0	68
412.5	64
412.0	65
411.5	62
411.0	75
410.5	71
410.0	70
409.5	62
409.0	79
408.5	73
408.0	67
407.5	70
407.0	58
406.5	69
406.0	68
405.5	81
405.0	70
404.5	73
404.0	77
403.5	66
403.0	71
402.5	61
402.0	70
401.5	75
401.0	74
400.5	64
400.0	55
399.5	78
399.0	72
398.5	72
398.0	67
397.5	64
397.0	63
396.5	77
396.0	70
395.5	64
395.0	67
394.5	80
394.0	82
393.5	64
393.0	68
392.5	61
392.0	65
391.5	59
391.0	68
390.5	56
390.0	61
389.5	69
389.0	54
388.5	64
388.0	72
387.5	59
387.0	73
386.5	63
386.0	59
385.5	58
385.0	61
384.5	73
384.0	63
383.5	53
383.0	66
382.5	66
382.0	74
381.5	76
381.0	67
380.5	68
380.0	60
379.5	61
379.0	68
378.5	66
378.0	62
377.5	81
377.0	79
376.5	71
376.0	69
375.5	76
375.0	72
374.5	68
374.0	72
373.5	84
373.0	60
372.5	67
372.0	77
371.5	70
371.0	75
370.5	65
370.0	60
369.5	77
369.0	64
368.5	64
368.0	66
367.5	80
367.0	67
366.5	80
366.0	79
365.5	79
365.0	76
364.5	61
364.0	64
363.5	67
363.0	58
362.5	78
362.0	62
361.5	63
361.0	62
360.5	70
360.0	67
359.5	59
359.0	60
358.5	73
358.0	67
357.5	74
357.0	71
356.5	72
356.0	69
355.5	60
355.0	65
354.5	60
354.0	66
353.5	70
353.0	69
352.5	72
352.0	63
351.5	69
351.0	77
350.5	62
350.0	87
349.5	76
349.0	64
348.5	51
348.0	75
347.5	73
347.0	58
346.5	75
346.0	68
345.5	80
345.0	64
344.5	67
344.0	72
343.5	65
343.0	73
342.5	64
342.0	72
341.5	67
341.0	61
340.5	68
340.0	60
339.5	71
339.0	75
338.5	71
338.0	70
337.5	66
337.0	82
336.5	73
336.0	83
335.5	67
335.0	73
334.5	65
334.0	56
333.5	71
333.0	68
332.5	67
332.0	69
331.5	66
331.0	67
330.5	63
330.0	83
329.5	73
329.0	70
328.5	67
328.0	62
327.5	64
327.0	70
326.5	66
326.0	78
325.5	89
325.0	70
324.5	76
324.0	78
323.5	84
323.0	74
322.5	69
322.0	60
321.5	83
321.0	76
320.5	76
320.0	72
319.5	85
319.0	81
318.5	76
318.0	71
317.5	70
317.0	69
316.5	51
316.0	64
315.5	68
315.0	77
314.5	80
314.0	73
313.5	66
313.0	68
312.5	64
312.0	63
311.5	66
311.0	76
310.5	69
310.0	74
309.5	72
309.0	79
308.5	71
308.0	75
307.5	70
307.0	73
306.5	70
306.0	74
305.5	70
305.0	79
304.5	66
304.0	67
303.5	77
303.0	75
302.5	76
302.0	67
301.5	62
301.0	72
300.5	80
300.0	82
299.5	91
299.0	65
298.5	69
298.0	68
297.5	69
297.0	68
296.5	55
296.0	67
295.5	64
295.0	71
294.5	68
294.0	78
293.5	68
293.0	67
292.5	56
292.0	66
291.5	73
291.0	77
290.5	70
290.0	68
289.5	71
289.0	78
288.5	84
288.0	69
287.5	78
287.0	85
286.5	105
286.0	86
285.5	100
285.0	114
284.5	118
284.0	112
283.5	106
283.0	82
282.5	83
282.0	68
281.5	67
281.0	53
280.5	59
280.0	64
279.5	58
279.0	54
278.5	59
278.0	69
277.5	76
277.0	62
276.5	61
276.0	70
275.5	59
275.0	61
274.5	70
274.0	63
273.5	60
273.0	54
272.5	58
272.0	56
271.5	55
271.0	55
270.5	67
270.0	58
269.5	70
269.0	59
268.5	75
268.0	78
267.5	70
267.0	70
266.5	57
266.0	61
265.5	62
265.0	64
264.5	59
264.0	58
263.5	65
263.0	63
262.5	71
262.0	63
261.5	70
261.0	76
260.5	71
260.0	68
259.5	59
259.0	66
258.5	64
258.0	64
257.5	66
257.0	66
256.5	75
256.0	69
255.5	69
255.0	69
254.5	67
254.0	77
253.5	75
253.0	72
252.5	72
252.0	63
251.5	57
251.0	59
250.5	70
250.0	73
249.5	71
249.0	78
248.5	78
248.0	69
247.5	80
247.0	62
246.5	73
246.0	73
245.5	74
245.0	67
244.5	73
244.0	54
243.5	76
243.0	83
242.5	74
242.0	79
241.5	69
241.0	58
240.5	70
240.0	68
239.5	94
239.0	79
238.5	66
238.0	61
237.5	73
237.0	64
236.5	65
236.0	63
235.5	59
235.0	62
234.5	69
234.0	70
233.5	70
233.0	77
232.5	66
232.0	75
231.5	76
231.0	60
230.5	58
230.0	75
229.5	72
229.0	73
228.5	70
228.0	63
227.5	57
227.0	65
226.5	65
226.0	72
225.5	72
225.0	75
224.5	75
224.0	75
223.5	69
223.0	70
222.5	60
222.0	59
221.5	78
221.0	68
220.5	45
220.0	69
219.5	78
219.0	73
218.5	68
218.0	74
217.5	70
217.0	82
216.5	77
216.0	74
215.5	64
215.0	61
214.5	62
214.0	64
213.5	67
213.0	82
212.5	60
212.0	69
211.5	80
211.0	67
210.5	78
210.0	79
209.5	89
209.0	65
208.5	75
208.0	71
207.5	89
207.0	71
206.5	73
206.0	74
205.5	70
205.0	69
204.5	73
204.0	71
203.5	78
203.0	75
202.5	70
202.0	67
201.5	75
201.0	71
200.5	74
200.0	93
199.5	86
199.0	72
198.5	66
198.0	67
197.5	72
197.0	80
196.5	82
196.0	77
195.5	87
195.0	72
194.5	87
194.0	82
193.5	67
193.0	74
192.5	79
192.0	83
191.5	81
191.0	79
190.5	73
190.0	76
189.5	79
189.0	71
188.5	70
188.0	79
187.5	71
187.0	78
186.5	74
186.0	82
185.5	73
185.0	82
184.5	81
184.0	97
183.5	79
183.0	77
182.5	76
182.0	77
181.5	83
181.0	85
180.5	72
180.0	74
179.5	81
179.0	97
178.5	81
178.0	79
177.5	74
177.0	92
176.5	81
176.0	95
175.5	89
175.0	90
174.5	91
174.0	75
173.5	82
173.0	91
172.5	81
172.0	75
171.5	75
171.0	66
170.5	82
170.0	69
169.5	81
169.0	86
168.5	75
168.0	76
167.5	76
167.0	62
166.5	77
166.0	69
165.5	67
165.0	64
164.5	58
164.0	60
163.5	61
163.0	44
162.5	39
162.0	60
161.5	53
161.0	54
160.5	53
160.0	53
159.5	59
159.0	58
158.5	60
158.0	67
157.5	76
157.0	86
156.5	117
156.0	148
155.5	211
155.0	279
154.5	320
154.0	325
153.5	336
153.0	296
152.5	213
152.0	144
151.5	106
151.0	98
150.5	79
150.0	60
149.5	55
149.0	64
148.5	62
148.0	55
147.5	56
147.0	37
146.5	50
146.0	46
145.5	44
145.0	56
144.5	56
144.0	42
143.5	50
143.0	53
142.5	51
142.0	46
141.5	36
141.0	44
140.5	47
140.0	49
139.5	49
139.0	45
138.5	52
138.0	40
137.5	42
137.0	51
136.5	46
136.0	49
135.5	39
135.0	35
134.5	32
134.0	36
133.5	37
133.0	48
132.5	49
132.0	42
131.5	41
131.0	48
130.5	44
130.0	40
129.5	44
129.0	52
128.5	52
128.0	61
127.5	51
127.0	55
126.5	59
126.0	59
125.5	53
125.0	49
124.5	54
124.0	59
123.5	64
123.0	63
122.5	50
122.0	60
121.5	44
121.0	42
120.5	47
120.0	53
119.5	47
119.0	50
118.5	60
118.0	52
117.5	34
117.0	30
116.5	47
116.0	40
115.5	27
115.0	42
114.5	35
114.0	25
113.5	26
113.0	27
112.5	22
112.0	27
111.5	25
111.0	22
110.5	22
110.0	12
109.5	20
109.0	22
108.5	14
108.0	17
107.5	23
107.0	25
106.5	18
106.0	26
105.5	26
105.0	63
104.5	149
104.0	219
103.5	328
103.0	361
102.5	333
102.0	241
101.5	145
101.0	70
100.5	38
100.0	28
99.5	16
99.0	12
98.5	14
98.0	16
97.5	22
97.0	19
96.5	15
96.0	18
95.5	16
95.0	18
94.5	22
94.0	15
93.5	17
93.0	16
92.5	17
92.0	19
91.5	20
91.0	13
90.5	11
90.0	15
89.5	13
89.0	12
88.5	22
88.0	21
87.5	18
87.0	12
86.5	13
86.0	15
85.5	11
85.0	14
84.5	11
84.0	17
83.5	14
83.0	17
82.5	13
82.0	18
81.5	14
81.0	12
80.5	18
80.0	16
79.5	17
79.0	19
78.5	12
78.0	20
77.5	20
77.0	19
76.5	14
76.0	14
75.5	18
75.0	15
74.5	13
74.0	19
73.5	18
73.0	31
72.5	21
72.0	15
71.5	17
71.0	14
70.5	13
70.0	18
69.5	19
69.0	19
68.5	19
68.0	24
67.5	23
67.0	21
66.5	19
66.0	20
65.5	12
65.0	14
64.5	11
64.0	12
63.5	15
63.0	10
62.5	18
62.0	16
61.5	22
61.0	16
60.5	11
60.0	18
59.5	15
59.0	22
58.5	16
58.0	10
57.5	12
57.0	11
56.5	17
56.0	16
55.5	17
55.0	13
54.5	7
54.0	19
53.5	23
53.0	13
52.5	17
52.0	12
51.5	16
51.0	25
50.5	17
50.0	17
49.5	20
49.0	16
48.5	15
48.0	19
47.5	20
47.0	14
46.5	16
46.0	14
45.5	15
45.0	12
44.5	14
44.0	19
43.5	18
43.0	19
42.5	18
42.0	14
41.5	10
41.0	16
40.5	12
40.0	15
39.5	12
39.0	12
38.5	13
38.0	14
37.5	13
37.0	10
36.5	11
36.0	9
35.5	15
35.0	10
34.5	11
34.0	9
33.5	14
33.0	13
32.5	11
32.0	12
31.5	14
31.0	15
30.5	11
30.0	16
29.5	16
29.0	19
28.5	16
28.0	25
27.5	32
27.0	35
26.5	46
26.0	55
25.5	68
25.0	55
24.5	63
24.0	48
23.5	38
23.0	25
22.5	17
22.0	5
21.5	8
21.0	6
20.5	3
20.0	4
19.5	5
19.0	6
18.5	2
18.0	2
17.5	4
17.0	5
16.5	6
16.0	3
15.5	9
15.0	16
14.5	12
14.0	12
13.5	11
13.0	12
12.5	11
12.0	15
11.5	17
11.0	16
10.5	9
10.0	7
9.5	6
9.0	14
8.5	20
8.0	18
7.5	15
7.0	17
6.5	12
6.0	14
5.5	5
5.0	6
4.5	4
4.0	4
3.5	1
3.0	2
2.5	1
2.0	0
1.5	0
1.0	0
0.5	0
0.0	0
Region	Enabled	DataFlag	Start	End	Step	Sweeps	Dwell	Mode	CAE/CRR	Mag	Divide by Ten	Notes	Function	Line-Style	Point-Style	Sweeps-Acquired
2	true	Original	545.000	525.000	-0.100	2	0.200	CAE	50.00	High	false	O	7 Channel Acquisition			2
Layer	Enabled	DataFlag	Notes	Formula	Line-Style	Point-Style
1	True		Ch(1)+Ch(2)+Ch(3)+Ch(4)+Ch(5)+Ch(6)+Ch(7)		
Energy	Counts
545.000	469
544.900	442
544.800	436
544.700	441
544.600	439
544.500	444
544.400	426
544.300	415
544.200	416
544.100	391
544.000	385
543.900	402
543.800	401
543.700	359
543.600	379
543.500	393
543.400	360
543.300	377
543.200	381
543.100	352
543.000	334
542.900	342
542.800	344
542.700	300
542.600	289
542.500	288
542.400	287
542.300	272
542.200	269
542.100	262
542.000	262
541.900	265
541.800	256
541.700	251
541.600	248
541.500	248
541.400	213
541.300	212
541.200	221
541.100	213
541.000	203
540.900	190
540.800	189
540.700	193
540.600	181
540.500	191
540.400	196
540.300	184
540.200	167
540.100	173
540.000	176
539.900	174
539.800	168
539.700	168
539.600	168
539.500	185
539.400	168
539.300	176
539.200	174
539.100	182
539.000	169
538.900	156
538.800	166
538.700	170
538.600	158
538.500	160
538.400	165
538.300	150
538.200	147
538.100	153
538.000	166
537.900	176
537.800	172
537.700	163
537.600	175
537.500	179
537.400	173
537.300	161
537.200	160
537.100	173
537.000	190
536.900	184
536.800	172
536.700	206
536.600	218
536.500	210
536.400	191
536.300	201
536.200	220
536.100	224
536.000	235
535.900	247
535.800	267
535.700	279
535.600	266
535.500	281
535.400	321
535.300	385
535.200	411
535.100	453
535.000	507
534.900	575
534.800	694
534.700	772
534.600	858
534.500	1010
534.400	1155
534.300	1306
534.200	1487
534.100	1664
534.000	1804
533.900	2048
533.800	2234
533.700	2536
533.600	2809
533.500	3153
533.400	3448
533.300	3729
533.200	4038
533.100	4265
533.000	4597
532.900	4912
532.800	5052
532.700	5176
532.600	5542
532.500	5588
532.400	5618
532.300	5630
532.200	5568
532.100	5411
532.000	5244
531.900	5034
531.800	4699
531.700	4483
531.600	4138
531.500	3851
531.400	3443
531.300	3105
531.200	2795
531.100	2398
531.000	2138
530.900	1823
530.800	1537
530.700	1288
530.600	1157
530.500	930
530.400	806
530.300	711
530.200	580
530.100	463
530.000	419
529.900	386
529.800	346
529.700	329
529.600	279
529.500	236
529.400	224
529.300	235
529.200	247
529.100	216
529.000	194
528.900	182
528.800	179
528.700	198
528.600	186
528.500	174
528.400	167
528.300	167
528.200	162
528.100	158
528.000	153
527.900	165
527.800	162
527.700	151
527.600	153
527.500	161
527.400	173
527.300	167
527.200	160
527.100	169
527.000	137
526.900	144
526.800	155
526.700	147
526.600	134
526.500	134
526.400	143
526.300	133
526.200	146
526.100	134
526.000	148
525.900	149
525.800	136
525.700	138
525.600	153
525.500	135
525.400	141
525.300	139
525.200	123
525.100	123
525.000	150
Region	Enabled	DataFlag	Start	End	Step	Sweeps	Dwell	Mode	CAE/CRR	Mag	Divide by Ten	Notes	Function	Line-Style	Point-Style	Sweeps-Acquired
3	true	Original	275.000	295.000	0.100	10	0.200	CAE	50.00	High	false	c	7 Channel Acquisition			10
Layer	Enabled	DataFlag	Notes	Formula	Line-Style	Point-Style
1	True		Ch(1)+Ch(2)+Ch(3)+Ch(4)+Ch(5)+Ch(6)+Ch(7)		
Energy	Counts
275.000	656
275.100	642
275.200	671
275.300	659
275.400	627
275.500	633
275.600	681
275.700	694
275.800	650
275.900	620
276.000	682
276.100	680
276.200	682
276.300	693
276.400	684
276.500	669
276.600	646
276.700	657
276.800	638
276.900	653
277.000	657
277.100	638
277.200	643
277.300	631
277.400	611
277.500	681
277.600	656
277.700	628
277.800	657
277.900	669
278.000	664
278.100	664
278.200	663
278.300	643
278.400	629
278.500	631
278.600	632
278.700	609
278.800	616
278.900	659
279.000	645
279.100	641
279.200	682
279.300	658
279.400	624
279.500	609
279.600	647
279.700	630
279.800	661
279.900	642
280.000	633
280.100	672
280.200	703
280.300	686
280.400	653
280.500	658
280.600	647
280.700	662
280.800	644
280.900	628
281.000	681
281.100	661
281.200	675
281.300	682
281.400	641
281.500	629
281.600	659
281.700	656
281.800	643
281.900	649
282.000	670
282.100	702
282.200	704
282.300	731
282.400	758
282.500	772
282.600	786
282.700	731
282.800	769
282.900	813
283.000	869
283.100	887
283.200	934
283.300	973
283.400	975
283.500	1003
283.600	1034
283.700	1056
283.800	1044
283.900	1084
284.000	1121
284.100	1114
284.200	1103
284.300	1080
284.400	1097
284.500	1094
284.600	1060
284.700	1090
284.800	1050
284.900	1040
285.000	1055
285.100	974
285.200	967
285.300	998
285.400	944
285.500	955
285.600	981
285.700	920
285.800	930
285.900	969
286.000	996
286.100	968
286.200	955
286.300	951
286.400	987
286.500	961
286.600	964
286.700	978
286.800	993
286.900	967
287.000	917
287.100	891
287.200	886
287.300	809
287.400	773
287.500	807
287.600	809
287.700	798
287.800	771
287.900	765
288.000	767
288.100	751
288.200	733
288.300	759
288.400	755
288.500	722
288.600	732
288.700	737
288.800	712
288.900	736
289.000	714
289.100	694
289.200	678
289.300	692
289.400	718
289.500	743
289.600	735
289.700	714
289.800	710
289.900	701
290.000	713
290.100	700
290.200	732
290.300	741
290.400	703
290.500	695
290.600	697
290.700	714
290.800	715
290.900	710
291.000	687
291.100	661
291.200	687
291.300	699
291.400	679
291.500	727
291.600	673
291.700	688
291.800	701
291.900	737
292.000	685
292.100	692
292.200	673
292.300	682
292.400	678
292.500	665
292.600	664
292.700	669
292.800	663
292.900	702
293.000	706
293.100	692
293.200	670
293.300	644
293.400	685
293.500	682
293.600	672
293.700	672
293.800	677
293.900	670
294.000	683
294.100	659
294.200	704
294.300	688
294.400	717
294.500	676
294.600	644
294.700	659
294.800	712
294.900	698
295.000	692
Region	Enabled	DataFlag	Start	End	Step	Sweeps	Dwell	Mode	CAE/CRR	Mag	Divide by Ten	Notes	Function	Line-Style	Point-Style	Sweeps-Acquired
4	true	Original	110.000	90.000	-0.100	5	0.200	CAE	50.00	High	false	Si	7 Channel Acquisition			5
Layer	Enabled	DataFlag	Notes	Formula	Line-Style	Point-Style
1	True		Ch(1)+Ch(2)+Ch(3)+Ch(4)+Ch(5)+Ch(6)+Ch(7)		
Energy	Counts
110.000	101
109.900	103
109.800	112
109.700	85
109.600	93
109.500	97
109.400	87
109.300	94
109.200	87
109.100	86
109.000	92
108.900	88
108.800	100
108.700	86
108.600	75
108.500	100
108.400	92
108.300	86
108.200	76
108.100	81
108.000	86
107.900	78
107.800	91
107.700	92
107.600	88
107.500	74
107.400	83
107.300	77
107.200	83
107.100	87
107.000	93
106.900	93
106.800	75
106.700	81
106.600	82
106.500	88
106.400	98
106.300	115
106.200	119
106.100	118
106.000	119
105.900	131
105.800	129
105.700	153
105.600	181
105.500	201
105.400	209
105.300	232
105.200	259
105.100	299
105.000	343
104.900	380
104.800	441
104.700	497
104.600	560
104.500	616
104.400	688
104.300	824
104.200	931
104.100	1033
104.000	1105
103.900	1243
103.800	1333
103.700	1425
103.600	1510
103.500	1568
103.400	1705
103.300	1777
103.200	1805
103.100	1828
103.000	1896
102.900	1904
102.800	1917
102.700	1921
102.600	1812
102.500	1798
102.400	1762
102.300	1578
102.200	1514
102.100	1389
102.000	1265
101.900	1171
101.800	1044
101.700	952
101.600	859
101.500	727
101.400	637
101.300	550
101.200	462
101.100	419
101.000	336
100.900	269
100.800	271
100.700	232
100.600	201
100.500	174
100.400	149
100.300	128
100.200	108
100.100	119
100.000	111
99.900	95
99.800	104
99.700	99
99.600	81
99.500	73
99.400	85
99.300	96
99.200	85
99.100	96
99.000	86
98.900	81
98.800	76
98.700	82
98.600	81
98.500	66
98.400	75
98.300	95
98.200	89
98.100	82
98.000	81
97.900	82
97.800	95
97.700	94
97.600	88
97.500	76
97.400	100
97.300	77
97.200	84
97.100	84
97.000	79
96.900	86
96.800	77
96.700	73
96.600	79
96.500	88
96.400	67
96.300	58
96.200	83
96.100	95
96.000	82
95.900	88
95.800	88
95.700	85
95.600	80
95.500	79
95.400	82
95.300	84
95.200	87
95.100	83
95.000	87
94.900	93
94.800	91
94.700	79
94.600	77
94.500	63
94.400	73
94.300	85
94.200	89
94.100	86
94.000	78
93.900	72
93.800	86
93.700	98
93.600	97
93.500	89
93.400	84
93.300	81
93.200	86
93.100	75
93.000	86
92.900	91
92.800	102
92.700	99
92.600	78
92.500	79
92.400	88
92.300	85
92.200	94
92.100	92
92.000	79
91.900	84
91.800	85
91.700	75
91.600	87
91.500	84
91.400	68
91.300	82
91.200	85
91.100	83
91.000	89
90.900	89
90.800	93
90.700	81
90.600	81
90.500	80
90.400	77
90.300	79
90.200	95
90.100	89
90.000	83
Region	Enabled	DataFlag	Start	End	Step	Sweeps	Dwell	Mode	CAE/CRR	Mag	Divide by Ten	Notes	Function	Line-Style	Point-Style	Sweeps-Acquired
5	true	Original	890.000	840.000	-0.100	40	0.200	CAE	50.00	High	false	Ni	7 Channel Acquisition			40
Layer	Enabled	DataFlag	Notes	Formula	Line-Style	Point-Style
1	True		Ch(1)+Ch(2)+Ch(3)+Ch(4)+Ch(5)+Ch(6)+Ch(7)		
Energy	Counts
890.000	12246
889.900	12273
889.800	12312
889.700	12320
889.600	12180
889.500	12361
889.400	12270
889.300	12279
889.200	12343
889.100	12343
889.000	12211
888.900	12280
888.800	12311
888.700	12280
888.600	12136
888.500	12266
888.400	12347
888.300	12309
888.200	12140
888.100	12176
888.000	12211
887.900	12230
887.800	12252
887.700	12389
887.600	12267
887.500	12280
887.400	12219
887.300	12168
887.200	12354
887.100	12363
887.000	12390
886.900	12324
886.800	12225
886.700	12358
886.600	12490
886.500	12255
886.400	12499
886.300	12400
886.200	12437
886.100	12412
886.000	12398
885.900	12256
885.800	12464
885.700	12356
885.600	12359
885.500	12370
885.400	12358
885.300	12376
885.200	12432
885.100	12342
885.000	12328
884.900	12462
884.800	12366
884.700	12523
884.600	12463
884.500	12467
884.400	12510
884.300	12341
884.200	12394
884.100	12542
884.000	12555
883.900	12512
883.800	12413
883.700	12431
883.600	12353
883.500	12463
883.400	12425
883.300	12411
883.200	12551
883.100	12657
883.000	12565
882.900	12396
882.800	12339
882.700	12442
882.600	12543
882.500	12572
882.400	12469
882.300	12530
882.200	12527
882.100	12591
882.000	12439
881.900	12513
881.800	12569
881.700	12476
881.600	12401
881.500	12348
881.400	12486
881.300	12639
881.200	12549
881.100	12472
881.000	12383
880.900	12576
880.800	12612
880.700	12505
880.600	12672
880.500	12534
880.400	12553
880.300	12507
880.200	12519
880.100	12478
880.000	12699
879.900	12674
879.800	12560
879.700	12453
879.600	12597
879.500	12526
879.400	12499
879.300	12601
879.200	12666
879.100	12629
879.000	12555
878.900	12447
878.800	12434
878.700	12565
878.600	12676
878.500	12456
878.400	12391
878.300	12488
878.200	12387
878.100	12731
878.000	12695
877.900	12595
877.800	12544
877.700	12486
877.600	12575
877.500	12668
877.400	12601
877.300	12557
877.200	12608
877.100	12589
877.000	12580
876.900	12603
876.800	12542
876.700	12691
876.600	12700
876.500	12718
876.400	12598
876.300	12744
876.200	12669
876.100	12661
876.000	12587
875.900	12708
875.800	12740
875.700	12611
875.600	12670
875.500	12656
875.400	12632
875.300	12680
875.200	12618
875.100	12801
875.000	12828
874.900	12611
874.800	12574
874.700	12677
874.600	12576
874.500	12632
874.400	12629
874.300	12611
874.200	12499
874.100	12559
874.000	12533
873.900	12593
873.800	12775
873.700	12553
873.600	12501
873.500	12553
873.400	12564
873.300	12641
873.200	12721
873.100	12612
873.000	12629
872.900	12647
872.800	12707
872.700	12638
872.600	12552
872.500	12620
872.400	12536
872.300	12787
872.200	12870
872.100	12671
872.000	12740
871.900	12788
871.800	12816
871.700	12798
871.600	12758
871.500	12643
871.400	12685
871.300	12599
871.200	12466
871.100	12458
871.000	12392
870.900	12497
870.800	12524
870.700	12350
870.600	12330
870.500	12473
870.400	12214
870.300	12118
870.200	12266
870.100	12254
870.000	12253
869.900	12095
869.800	11975
869.700	12095
869.600	12126
869.500	12006
869.400	11865
869.300	11918
869.200	11945
869.100	12014
869.000	12045
868.900	12029
868.800	12040
868.700	11925
868.600	11905
868.500	11889
868.400	11946
868.300	11992
868.200	12049
868.100	11927
868.000	11963
867.900	12062
867.800	12027
867.700	11938
867.600	11854
867.500	11828
867.400	11922
867.300	11903
867.200	11909
867.100	12009
867.000	11932
866.900	12097
866.800	11980
866.700	11998
866.600	11926
866.500	12033
866.400	11999
866.300	11952
866.200	11855
866.100	11895
866.000	12029
865.900	11970
865.800	11846
865.700	11999
865.600	11948
865.500	11851
865.400	12053
865.300	12069
865.200	12006
865.100	12074
865.000	12120
864.900	12080
864.800	12119
864.700	12125
864.600	12083
864.500	12081
864.400	12140
864.300	12073
864.200	12074
864.100	12099
864.000	11991
863.900	12120
863.800	12186
863.700	12335
863.600	12082
863.500	12164
863.400	12172
863.300	12139
863.200	12110
863.100	12274
863.000	12243
862.900	12234
862.800	12125
862.700	11984
862.600	12133
862.500	12315
862.400	12217
862.300	12220
862.200	12254
862.100	12232
862.000	12174
861.900	12192
861.800	12193
861.700	12189
861.600	12194
861.500	12161
861.400	12280
861.300	12305
861.200	12312
861.100	12316
861.000	12395
860.900	12350
860.800	12176
860.700	12329
860.600	12300
860.500	12336
860.400	12442
860.300	12441
860.200	12285
860.100	12296
860.000	12295
859.900	12392
859.800	12427
859.700	12417
859.600	12385
859.500	12304
859.400	12343
859.300	12351
859.200	12413
859.100	12485
859.000	12594
858.900	12475
858.800	12593
858.700	12573
858.600	12579
858.500	12554
858.400	12642
858.300	12522
858.200	12442
858.100	12819
858.000	12720
857.900	12608
857.800	12665
857.700	12642
857.600	12710
857.500	12706
857.400	12796
857.300	12601
857.200	12608
857.100	12690
857.000	12695
856.900	12664
856.800	12669
856.700	12688
856.600	12738
856.500	12728
856.400	12686
856.300	12700
856.200	12640
856.100	12836
856.000	12815
855.900	12844
855.800	12938
855.700	12970
855.600	12951
855.500	13005
855.400	13147
855.300	13076
855.200	13149
855.100	13286
855.000	13441
854.900	13414
854.800	13292
854.700	13582
854.600	13734
854.500	13579
854.400	13487
854.300	13358
854.200	13288
854.100	13107
854.000	13011
853.900	13014
853.800	12932
853.700	12624
853.600	12465
853.500	12329
853.400	12109
853.300	12110
853.200	12087
853.100	11864
853.000	11672
852.900	11743
852.800	11670
852.700	11519
852.600	11463
852.500	11431
852.400	11397
852.300	11283
852.200	11263
852.100	11205
852.000	11120
851.900	11096
851.800	11230
851.700	11221
851.600	11388
851.500	11105
851.400	11244
851.300	11372
851.200	11333
851.100	11143
851.000	11246
850.900	11127
850.800	11273
850.700	11172
850.600	11306
850.500	11314
850.400	11198
850.300	11299
850.200	11292
850.100	11221
850.000	11363
849.900	11230
849.800	11205
849.700	11175
849.600	11203
849.500	11162
849.400	11185
849.300	11338
849.200	11301
849.100	11316
849.000	11284
848.900	11191
848.800	11314
848.700	11079
848.600	10967
848.500	11018
848.400	11069
848.300	11299
848.200	11257
848.100	11261
848.000	11289
847.900	11176
847.800	11134
847.700	11277
847.600	11302
847.500	11209
847.400	11120
847.300	11055
847.200	11172
847.100	11471
847.000	11270
846.900	11154
846.800	11245
846.700	11295
846.600	11286
846.500	11239
846.400	11321
846.300	11328
846.200	11227
846.100	11141
846.000	11186
845.900	11290
845.800	11083
845.700	11038
845.600	11227
845.500	11209
845.400	11192
845.300	11298
845.200	11177
845.100	11167
845.000	11303
844.900	11187
844.800	11197
844.700	11120
844.600	11200
844.500	11364
844.400	11233
844.300	11203
844.200	11493
844.100	11353
844.000	11178
843.900	11186
843.800	11254
843.700	11231
843.600	11245
843.500	11233
843.400	11156
843.300	11149
843.200	11162
843.100	11275
843.000	11264
842.900	11282
842.800	11412
842.700	11099
842.600	11231
842.500	11262
842.400	11185
842.300	11269
842.200	11313
842.100	11318
842.000	11278
841.900	11370
841.800	11244
841.700	11273
841.600	11202
841.500	11392
841.400	11343
841.300	11197
841.200	11314
841.100	11329
841.000	11259
840.900	11153
840.800	11332
840.700	11308
840.600	11143
840.500	11148
840.400	11301
840.300	11417
840.200	11331
840.100	11359
840.000	11232
Region	Enabled	DataFlag	Start	End	Step	Sweeps	Dwell	Mode	CAE/CRR	Mag	Divide by Ten	Notes	Function	Line-Style	Point-Style	Sweeps-Acquired
6	true	Original	545.000	525.000	-0.100	1	0.200	CAE	50.00	High	false	O V	7 Channel Acquisition			1
Layer	Enabled	DataFlag	Notes	Formula	Line-Style	Point-Style
1	True		Ch(1)+Ch(2)+Ch(3)+Ch(4)+Ch(5)+Ch(6)+Ch(7)		
Energy	Counts
545.000	204
544.900	208
544.800	226
544.700	227
544.600	231
544.500	217
544.400	209
544.300	211
544.200	219
544.100	215
544.000	220
543.900	193
543.800	189
543.700	195
543.600	200
543.500	204
543.400	189
543.300	182
543.200	193
543.100	188
543.000	165
542.900	183
542.800	185
542.700	172
542.600	168
542.500	155
542.400	147
542.300	146
542.200	149
542.100	136
542.000	124
541.900	119
541.800	108
541.700	113
541.600	114
541.500	113
541.400	105
541.300	112
541.200	105
541.100	96
541.000	102
540.900	100
540.800	100
540.700	98
540.600	86
540.500	85
540.400	102
540.300	96
540.200	95
540.100	91
540.000	80
539.900	87
539.800	92
539.700	87
539.600	99
539.500	87
539.400	84
539.300	85
539.200	90
539.100	92
539.000	82
538.900	89
538.800	80
538.700	84
538.600	86
538.500	81
538.400	84
538.300	99
538.200	88
538.100	85
538.000	71
537.900	78
537.800	83
537.700	89
537.600	89
537.500	82
537.400	100
537.300	104
537.200	98
537.100	87
537.000	97
536.900	94
536.800	96
536.700	99
536.600	110
536.500	99
536.400	86
536.300	95
536.200	105
536.100	102
536.000	111
535.900	128
535.800	126
535.700	124
535.600	140
535.500	164
535.400	186
535.300	198
535.200	225
535.100	262
535.000	282
534.900	308
534.800	380
534.700	420
534.600	468
534.500	507
534.400	628
534.300	679
534.200	741
534.100	852
534.000	951
533.900	998
533.800	1162
533.700	1298
533.600	1406
533.500	1596
533.400	1744
533.300	1887
533.200	2002
533.100	2188
533.000	2253
532.900	2398
532.800	2485
532.700	2619
532.600	2672
532.500	2751
532.400	2800
532.300	2783
532.200	2726
532.100	2703
532.000	2563
531.900	2491
531.800	2401
531.700	2228
531.600	2103
531.500	1911
531.400	1759
531.300	1530
531.200	1342
531.100	1212
531.000	1082
530.900	923
530.800	770
530.700	690
530.600	606
530.500	502
530.400	447
530.300	351
530.200	291
530.100	256
530.000	224
529.900	203
529.800	173
529.700	171
529.600	144
529.500	135
529.400	122
529.300	131
529.200	128
529.100	125
529.000	99
528.900	104
528.800	90
528.700	77
528.600	90
528.500	91
528.400	84
528.300	92
528.200	90
528.100	82
528.000	75
527.900	80
527.800	70
527.700	75
527.600	71
527.500	82
527.400	92
527.300	68
527.200	60
527.100	76
527.000	74
526.900	77
526.800	73
526.700	78
526.600	87
526.500	71
526.400	72
526.300	70
526.200	78
526.100	79
526.000	82
525.900	80
525.800	71
525.700	59
525.600	69
525.500	68
525.400	70
525.300	69
525.200	80
525.100	68
525.000	75
