Region	Enabled	DataFlag	Start	End	Step	Sweeps	Dwell	Mode	CAE/CRR	Mag	Divide by Ten	Notes	Function	Line-Style	Point-Style	Sweeps-Acquired
1	true	Original	1400.0	0.0	-0.5	1	0.200	CAE	50.00	High	false		7 Channel Acquisition			1
Layer	Enabled	DataFlag	Notes	Formula	Line-Style	Point-Style
1	True		Ch(1)+Ch(2)+Ch(3)+Ch(4)+Ch(5)+Ch(6)+Ch(7)		
Energy	Counts
1400.0	538
1399.5	515
1399.0	470
1398.5	516
1398.0	524
1397.5	510
1397.0	500
1396.5	487
1396.0	521
1395.5	515
1395.0	519
1394.5	484
1394.0	491
1393.5	492
1393.0	491
1392.5	493
1392.0	454
1391.5	467
1391.0	480
1390.5	481
1390.0	487
1389.5	432
1389.0	487
1388.5	463
1388.0	455
1387.5	479
1387.0	459
1386.5	460
1386.0	471
1385.5	481
1385.0	476
1384.5	460
1384.0	457
1383.5	464
1383.0	436
1382.5	449
1382.0	409
1381.5	440
1381.0	442
1380.5	440
1380.0	440
1379.5	422
1379.0	476
1378.5	442
1378.0	450
1377.5	443
1377.0	438
1376.5	439
1376.0	430
1375.5	435
1375.0	437
1374.5	421
1374.0	392
1373.5	387
1373.0	421
1372.5	419
1372.0	415
1371.5	411
1371.0	437
1370.5	433
1370.0	451
1369.5	411
1369.0	377
1368.5	398
1368.0	394
1367.5	422
1367.0	399
1366.5	411
1366.0	420
1365.5	388
1365.0	408
1364.5	427
1364.0	427
1363.5	424
1363.0	441
1362.5	428
1362.0	414
1361.5	420
1361.0	403
1360.5	411
1360.0	383
1359.5	410
1359.0	414
1358.5	431
1358.0	426
1357.5	384
1357.0	406
1356.5	421
1356.0	401
1355.5	427
1355.0	372
1354.5	404
1354.0	421
1353.5	420
1353.0	414
1352.5	393
1352.0	377
1351.5	402
1351.0	399
1350.5	405
1350.0	386
1349.5	365
1349.0	381
1348.5	409
1348.0	409
1347.5	402
1347.0	376
1346.5	400
1346.0	412
1345.5	412
1345.0	402
1344.5	406
1344.0	406
1343.5	394
1343.0	362
1342.5	404
1342.0	384
1341.5	388
1341.0	381
1340.5	374
1340.0	400
1339.5	403
1339.0	361
1338.5	356
1338.0	366
1337.5	359
1337.0	383
1336.5	372
1336.0	399
1335.5	394
1335.0	370
1334.5	386
1334.0	439
1333.5	359
1333.0	375
1332.5	365
1332.0	373
1331.5	383
1331.0	408
1330.5	378
1330.0	390
1329.5	380
1329.0	342
1328.5	356
1328.0	374
1327.5	417
1327.0	374
1326.5	389
1326.0	401
1325.5	386
1325.0	411
1324.5	379
1324.0	376
1323.5	373
1323.0	379
1322.5	387
1322.0	397
1321.5	377
1321.0	368
1320.5	357
1320.0	337
1319.5	396
1319.0	363
1318.5	395
1318.0	372
1317.5	361
1317.0	397
1316.5	358
1316.0	365
1315.5	364
1315.0	403
1314.5	407
1314.0	358
1313.5	376
1313.0	369
1312.5	384
1312.0	394
1311.5	412
1311.0	408
1310.5	372
1310.0	363
1309.5	364
1309.0	378
1308.5	375
1308.0	392
1307.5	372
1307.0	365
1306.5	375
1306.0	359
1305.5	368
1305.0	371
1304.5	348
1304.0	380
1303.5	382
1303.0	379
1302.5	384
1302.0	383
1301.5	376
1301.0	375
1300.5	387
1300.0	395
1299.5	397
1299.0	384
1298.5	343
1298.0	386
1297.5	377
1297.0	364
1296.5	353
1296.0	383
1295.5	411
1295.0	385
1294.5	386
1294.0	365
1293.5	389
1293.0	393
1292.5	377
1292.0	343
1291.5	385
1291.0	413
1290.5	370
1290.0	390
1289.5	397
1289.0	389
1288.5	369
1288.0	373
1287.5	368
1287.0	353
1286.5	348
1286.0	352
1285.5	391
1285.0	393
1284.5	394
1284.0	385
1283.5	419
1283.0	390
1282.5	378
1282.0	365
1281.5	392
1281.0	369
1280.5	387
1280.0	385
1279.5	390
1279.0	368
1278.5	386
1278.0	362
1277.5	387
1277.0	424
1276.5	366
1276.0	372
1275.5	375
1275.0	362
1274.5	392
1274.0	412
1273.5	380
1273.0	370
1272.5	403
1272.0	399
1271.5	400
1271.0	396
1270.5	391
1270.0	398
1269.5	386
1269.0	384
1268.5	404
1268.0	417
1267.5	409
1267.0	394
1266.5	353
1266.0	380
1265.5	394
1265.0	396
1264.5	398
1264.0	371
1263.5	380
1263.0	374
1262.5	388
1262.0	395
1261.5	419
1261.0	410
1260.5	392
1260.0	387
1259.5	387
1259.0	392
1258.5	383
1258.0	397
1257.5	381
1257.0	377
1256.5	358
1256.0	381
1255.5	410
1255.0	385
1254.5	359
1254.0	397
1253.5	372
1253.0	403
1252.5	372
1252.0	419
1251.5	390
1251.0	375
1250.5	360
1250.0	408
1249.5	391
1249.0	417
1248.5	413
1248.0	389
1247.5	393
1247.0	367
1246.5	411
1246.0	421
1245.5	400
1245.0	398
1244.5	386
1244.0	385
1243.5	385
1243.0	388
1242.5	391
1242.0	384
1241.5	393
1241.0	415
1240.5	415
1240.0	400
1239.5	406
1239.0	399
1238.5	408
1238.0	405
1237.5	373
1237.0	434
1236.5	388
1236.0	364
1235.5	415
1235.0	393
1234.5	366
1234.0	398
1233.5	416
1233.0	440
1232.5	411
1232.0	402
1231.5	388
1231.0	422
1230.5	412
1230.0	430
1229.5	405
1229.0	422
1228.5	403
1228.0	424
1227.5	435
1227.0	442
1226.5	426
1226.0	439
1225.5	435
1225.0	426
1224.5	404
1224.0	404
1223.5	443
1223.0	393
1222.5	385
1222.0	404
1221.5	403
1221.0	433
1220.5	408
1220.0	415
1219.5	421
1219.0	414
1218.5	449
1218.0	436
1217.5	429
1217.0	414
1216.5	402
1216.0	384
1215.5	431
1215.0	416
1214.5	421
1214.0	410
1213.5	439
1213.0	409
1212.5	417
1212.0	401
1211.5	406
1211.0	431
1210.5	458
1210.0	420
1209.5	429
1209.0	443
1208.5	398
1208.0	387
1207.5	387
1207.0	396
1206.5	403
1206.0	404
1205.5	401
1205.0	406
1204.5	396
1204.0	420
1203.5	391
1203.0	394
1202.5	428
1202.0	439
1201.5	422
1201.0	430
1200.5	415
1200.0	413
1199.5	384
1199.0	387
1198.5	447
1198.0	420
1197.5	451
1197.0	393
1196.5	416
1196.0	407
1195.5	419
1195.0	438
1194.5	404
1194.0	455
1193.5	404
1193.0	437
1192.5	424
1192.0	394
1191.5	418
1191.0	447
1190.5	397
1190.0	431
1189.5	407
1189.0	413
1188.5	433
1188.0	403
1187.5	430
1187.0	410
1186.5	442
1186.0	410
1185.5	445
1185.0	438
1184.5	400
1184.0	403
1183.5	446
1183.0	429
1182.5	435
1182.0	431
1181.5	443
1181.0	447
1180.5	465
1180.0	426
1179.5	461
1179.0	458
1178.5	441
1178.0	431
1177.5	437
1177.0	452
1176.5	415
1176.0	456
1175.5	443
1175.0	425
1174.5	436
1174.0	430
1173.5	428
1173.0	410
1172.5	402
1172.0	443
1171.5	416
1171.0	449
1170.5	452
1170.0	467
1169.5	440
1169.0	430
1168.5	437
1168.0	442
1167.5	466
1167.0	487
1166.5	437
1166.0	444
1165.5	468
1165.0	454
1164.5	446
1164.0	423
1163.5	440
1163.0	441
1162.5	446
1162.0	494
1161.5	475
1161.0	486
1160.5	453
1160.0	433
1159.5	446
1159.0	468
1158.5	466
1158.0	434
1157.5	448
1157.0	459
1156.5	469
1156.0	475
1155.5	474
1155.0	420
1154.5	463
1154.0	468
1153.5	462
1153.0	483
1152.5	446
1152.0	460
1151.5	467
1151.0	449
1150.5	462
1150.0	495
1149.5	443
1149.0	457
1148.5	475
1148.0	436
1147.5	475
1147.0	488
1146.5	470
1146.0	445
1145.5	449
1145.0	450
1144.5	450
1144.0	489
1143.5	498
1143.0	455
1142.5	463
1142.0	459
1141.5	492
1141.0	470
1140.5	460
1140.0	453
1139.5	459
1139.0	484
1138.5	446
1138.0	419
1137.5	463
1137.0	463
1136.5	472
1136.0	476
1135.5	474
1135.0	499
1134.5	467
1134.0	460
1133.5	463
1133.0	407
1132.5	443
1132.0	489
1131.5	492
1131.0	467
1130.5	479
1130.0	485
1129.5	458
1129.0	448
1128.5	482
1128.0	489
1127.5	462
1127.0	498
1126.5	504
1126.0	478
1125.5	510
1125.0	484
1124.5	482
1124.0	484
1123.5	489
1123.0	462
1122.5	476
1122.0	489
1121.5	505
1121.0	505
1120.5	537
1120.0	471
1119.5	484
1119.0	495
1118.5	510
1118.0	505
1117.5	471
1117.0	541
1116.5	461
1116.0	472
1115.5	502
1115.0	492
1114.5	475
1114.0	471
1113.5	500
1113.0	549
1112.5	495
1112.0	501
1111.5	516
1111.0	462
1110.5	497
1110.0	440
1109.5	487
1109.0	494
1108.5	497
1108.0	506
1107.5	481
1107.0	474
1106.5	509
1106.0	486
1105.5	508
1105.0	545
1104.5	483
1104.0	484
1103.5	483
1103.0	511
1102.5	495
1102.0	516
1101.5	486
1101.0	487
1100.5	497
1100.0	462
1099.5	497
1099.0	500
1098.5	513
1098.0	511
1097.5	531
1097.0	518
1096.5	499
1096.0	547
1095.5	534
1095.0	496
1094.5	520
1094.0	532
1093.5	546
1093.0	525
1092.5	504
1092.0	484
1091.5	536
1091.0	510
1090.5	544
1090.0	511
1089.5	519
1089.0	518
1088.5	527
1088.0	528
1087.5	519
1087.0	525
1086.5	525
1086.0	511
1085.5	547
1085.0	500
1084.5	499
1084.0	507
1083.5	503
1083.0	513
1082.5	529
1082.0	566
1081.5	527
1081.0	494
1080.5	469
1080.0	493
1079.5	514
1079.0	513
1078.5	527
1078.0	512
1077.5	541
1077.0	536
1076.5	531
1076.0	548
1075.5	541
1075.0	518
1074.5	542
1074.0	546
1073.5	525
1073.0	527
1072.5	540
1072.0	534
1071.5	530
1071.0	543
1070.5	565
1070.0	568
1069.5	565
1069.0	510
1068.5	491
1068.0	525
1067.5	533
1067.0	563
1066.5	552
1066.0	538
1065.5	524
1065.0	525
1064.5	546
1064.0	558
1063.5	556
1063.0	575
1062.5	537
1062.0	525
1061.5	503
1061.0	564
1060.5	545
1060.0	556
1059.5	533
1059.0	529
1058.5	576
1058.0	557
1057.5	545
1057.0	518
1056.5	547
1056.0	552
1055.5	566
1055.0	540
1054.5	532
1054.0	516
1053.5	554
1053.0	592
1052.5	533
1052.0	545
1051.5	560
1051.0	601
1050.5	578
1050.0	581
1049.5	531
1049.0	605
1048.5	560
1048.0	519
1047.5	573
1047.0	557
1046.5	568
1046.0	599
1045.5	531
1045.0	526
1044.5	590
1044.0	577
1043.5	567
1043.0	597
1042.5	564
1042.0	585
1041.5	565
1041.0	577
1040.5	556
1040.0	590
1039.5	573
1039.0	572
1038.5	596
1038.0	589
1037.5	546
1037.0	576
1036.5	592
1036.0	554
1035.5	572
1035.0	573
1034.5	555
1034.0	564
1033.5	553
1033.0	543
1032.5	606
1032.0	603
1031.5	592
1031.0	607
1030.5	575
1030.0	590
1029.5	578
1029.0	569
1028.5	584
1028.0	592
1027.5	589
1027.0	584
1026.5	564
1026.0	577
1025.5	573
1025.0	626
1024.5	627
1024.0	623
1023.5	634
1023.0	626
1022.5	613
1022.0	648
1021.5	637
1021.0	618
1020.5	603
1020.0	590
1019.5	565
1019.0	615
1018.5	617
1018.0	632
1017.5	633
1017.0	624
1016.5	623
1016.0	632
1015.5	617
1015.0	604
1014.5	612
1014.0	571
1013.5	596
1013.0	630
1012.5	583
1012.0	572
1011.5	587
1011.0	614
1010.5	589
1010.0	602
1009.5	612
1009.0	604
1008.5	615
1008.0	621
1007.5	664
1007.0	615
1006.5	623
1006.0	614
1005.5	666
1005.0	660
1004.5	666
1004.0	653
1003.5	674
1003.0	657
1002.5	644
1002.0	667
1001.5	689
1001.0	708
1000.5	638
1000.0	643
999.5	671
999.0	605
998.5	608
998.0	612
997.5	587
997.0	604
996.5	607
996.0	591
995.5	609
995.0	605
994.5	589
994.0	621
993.5	626
993.0	579
992.5	535
992.0	534
991.5	564
991.0	581
990.5	540
990.0	555
989.5	571
989.0	574
988.5	522
988.0	552
987.5	549
987.0	630
986.5	595
986.0	619
985.5	603
985.0	682
984.5	649
984.0	695
983.5	718
983.0	734
982.5	777
982.0	778
981.5	813
981.0	843
980.5	835
980.0	822
979.5	836
979.0	820
978.5	790
978.0	713
977.5	670
977.0	660
976.5	664
976.0	600
975.5	631
975.0	548
974.5	571
974.0	517
973.5	524
973.0	506
972.5	497
972.0	508
971.5	481
971.0	479
970.5	449
970.0	450
969.5	463
969.0	432
968.5	393
968.0	374
967.5	389
967.0	386
966.5	397
966.0	390
965.5	388
965.0	385
964.5	388
964.0	400
963.5	400
963.0	380
962.5	424
962.0	402
961.5	375
961.0	418
960.5	399
960.0	401
959.5	385
959.0	386
958.5	402
958.0	369
957.5	405
957.0	381
956.5	402
956.0	399
955.5	399
955.0	400
954.5	429
954.0	404
953.5	374
953.0	394
952.5	395
952.0	415
951.5	413
951.0	412
950.5	416
950.0	402
949.5	389
949.0	389
948.5	374
948.0	416
947.5	374
947.0	388
946.5	406
946.0	390
945.5	431
945.0	419
944.5	395
944.0	433
943.5	407
943.0	413
942.5	413
942.0	388
941.5	394
941.0	404
940.5	385
940.0	362
939.5	424
939.0	407
938.5	426
938.0	368
937.5	372
937.0	403
936.5	365
936.0	416
935.5	437
935.0	412
934.5	379
934.0	419
933.5	425
933.0	402
932.5	375
932.0	381
931.5	397
931.0	396
930.5	406
930.0	377
929.5	372
929.0	401
928.5	388
928.0	390
927.5	424
927.0	414
926.5	394
926.0	400
925.5	379
925.0	391
924.5	381
924.0	418
923.5	426
923.0	428
922.5	403
922.0	416
921.5	401
921.0	405
920.5	415
920.0	422
919.5	412
919.0	380
918.5	422
918.0	393
917.5	404
917.0	391
916.5	391
916.0	404
915.5	420
915.0	407
914.5	412
914.0	366
913.5	423
913.0	388
912.5	380
912.0	411
911.5	441
911.0	400
910.5	367
910.0	373
909.5	396
909.0	417
908.5	386
908.0	390
907.5	378
907.0	391
906.5	411
906.0	391
905.5	405
905.0	402
904.5	427
904.0	462
903.5	405
903.0	429
902.5	444
902.0	394
901.5	393
901.0	407
900.5	412
900.0	416
899.5	394
899.0	419
898.5	376
898.0	420
897.5	414
897.0	414
896.5	406
896.0	423
895.5	438
895.0	439
894.5	414
894.0	418
893.5	400
893.0	391
892.5	425
892.0	425
891.5	402
891.0	426
890.5	405
890.0	377
889.5	423
889.0	405
888.5	395
888.0	389
887.5	395
887.0	389
886.5	384
886.0	415
885.5	413
885.0	401
884.5	415
884.0	400
883.5	416
883.0	410
882.5	413
882.0	436
881.5	443
881.0	450
880.5	427
880.0	441
879.5	429
879.0	420
878.5	413
878.0	413
877.5	420
877.0	411
876.5	433
876.0	450
875.5	420
875.0	428
874.5	434
874.0	414
873.5	437
873.0	401
872.5	397
872.0	410
871.5	419
871.0	392
870.5	408
870.0	414
869.5	380
869.0	381
868.5	403
868.0	408
867.5	385
867.0	390
866.5	407
866.0	404
865.5	403
865.0	380
864.5	390
864.0	426
863.5	444
863.0	441
862.5	441
862.0	449
861.5	411
861.0	425
860.5	391
860.0	445
859.5	433
859.0	428
858.5	402
858.0	422
857.5	463
857.0	468
856.5	473
856.0	480
855.5	451
855.0	452
854.5	477
854.0	454
853.5	408
853.0	397
852.5	364
852.0	359
851.5	336
851.0	371
850.5	370
850.0	336
849.5	341
849.0	332
848.5	349
848.0	347
847.5	379
847.0	349
846.5	360
846.0	385
845.5	367
845.0	362
844.5	346
844.0	352
843.5	336
843.0	342
842.5	358
842.0	388
841.5	374
841.0	352
840.5	346
840.0	358
839.5	369
839.0	366
838.5	359
838.0	368
837.5	378
837.0	353
836.5	383
836.0	351
835.5	347
835.0	367
834.5	352
834.0	363
833.5	366
833.0	344
832.5	338
832.0	379
831.5	382
831.0	399
830.5	371
830.0	368
829.5	346
829.0	368
828.5	375
828.0	380
827.5	356
827.0	357
826.5	357
826.0	378
825.5	369
825.0	370
824.5	365
824.0	390
823.5	369
823.0	341
822.5	348
822.0	354
821.5	370
821.0	378
820.5	356
820.0	376
819.5	355
819.0	345
818.5	363
818.0	395
817.5	369
817.0	381
816.5	372
816.0	387
815.5	374
815.0	362
814.5	376
814.0	372
813.5	368
813.0	357
812.5	362
812.0	356
811.5	366
811.0	363
810.5	368
810.0	379
809.5	367
809.0	369
808.5	363
808.0	346
807.5	373
807.0	361
806.5	337
806.0	370
805.5	364
805.0	381
804.5	369
804.0	345
803.5	353
803.0	378
802.5	367
802.0	360
801.5	356
801.0	380
800.5	376
800.0	363
799.5	367
799.0	375
798.5	353
798.0	333
797.5	390
797.0	366
796.5	385
796.0	394
795.5	380
795.0	383
794.5	382
794.0	346
793.5	401
793.0	382
792.5	363
792.0	355
791.5	378
791.0	358
790.5	445
790.0	393
789.5	371
789.0	364
788.5	353
788.0	370
787.5	379
787.0	364
786.5	396
786.0	358
785.5	343
785.0	377
784.5	380
784.0	384
783.5	383
783.0	395
782.5	394
782.0	375
781.5	346
781.0	354
780.5	373
780.0	404
779.5	339
779.0	339
778.5	389
778.0	388
777.5	378
777.0	399
776.5	386
776.0	386
775.5	368
775.0	376
774.5	378
774.0	366
773.5	357
773.0	361
772.5	356
772.0	351
771.5	346
771.0	357
770.5	374
770.0	337
769.5	384
769.0	358
768.5	381
768.0	358
767.5	371
767.0	381
766.5	368
766.0	352
765.5	350
765.0	355
764.5	361
764.0	371
763.5	371
763.0	349
762.5	377
762.0	364
761.5	353
761.0	351
760.5	384
760.0	342
759.5	355
759.0	344
758.5	372
758.0	365
757.5	365
757.0	346
756.5	350
756.0	377
755.5	341
755.0	352
754.5	363
754.0	369
753.5	388
753.0	390
752.5	336
752.0	349
751.5	341
751.0	365
750.5	359
750.0	369
749.5	367
749.0	364
748.5	380
748.0	366
747.5	349
747.0	391
746.5	362
746.0	369
745.5	365
745.0	369
744.5	358
744.0	366
743.5	364
743.0	343
742.5	358
742.0	404
741.5	369
741.0	351
740.5	330
740.0	339
739.5	361
739.0	364
738.5	374
738.0	376
737.5	379
737.0	360
736.5	367
736.0	361
735.5	372
735.0	358
734.5	370
734.0	389
733.5	352
733.0	363
732.5	358
732.0	390
731.5	367
731.0	369
730.5	397
730.0	387
729.5	338
729.0	383
728.5	383
728.0	378
727.5	371
727.0	359
726.5	390
726.0	373
725.5	383
725.0	375
724.5	372
724.0	380
723.5	403
723.0	356
722.5	406
722.0	394
721.5	376
721.0	353
720.5	376
720.0	380
719.5	352
719.0	382
718.5	379
718.0	387
717.5	357
717.0	367
716.5	355
716.0	380
715.5	335
715.0	383
714.5	389
714.0	385
713.5	398
713.0	358
712.5	362
712.0	373
711.5	365
711.0	381
710.5	374
710.0	375
709.5	379
709.0	339
708.5	355
708.0	361
707.5	385
707.0	373
706.5	381
706.0	385
705.5	339
705.0	365
704.5	405
704.0	379
703.5	378
703.0	375
702.5	360
702.0	355
701.5	375
701.0	364
700.5	333
700.0	363
699.5	376
699.0	371
698.5	365
698.0	346
697.5	343
697.0	372
696.5	345
696.0	375
695.5	360
695.0	343
694.5	336
694.0	321
693.5	332
693.0	348
692.5	337
692.0	349
691.5	358
691.0	367
690.5	358
690.0	345
689.5	342
689.0	359
688.5	378
688.0	348
687.5	373
687.0	395
686.5	353
686.0	384
685.5	362
685.0	376
684.5	344
684.0	336
683.5	347
683.0	351
682.5	376
682.0	369
681.5	361
681.0	363
680.5	362
680.0	333
679.5	388
679.0	372
678.5	351
678.0	361
677.5	357
677.0	338
676.5	359
676.0	354
675.5	346
675.0	356
674.5	323
674.0	362
673.5	338
673.0	365
672.5	384
672.0	369
671.5	353
671.0	347
670.5	345
670.0	365
669.5	365
669.0	348
668.5	364
668.0	353
667.5	351
667.0	334
666.5	369
666.0	360
665.5	359
665.0	412
664.5	353
664.0	388
663.5	355
663.0	368
662.5	340
662.0	363
661.5	379
661.0	371
660.5	408
660.0	377
659.5	377
659.0	362
658.5	356
658.0	351
657.5	354
657.0	347
656.5	357
656.0	373
655.5	397
655.0	389
654.5	372
654.0	354
653.5	354
653.0	396
652.5	381
652.0	381
651.5	354
651.0	367
650.5	362
650.0	400
649.5	387
649.0	405
648.5	377
648.0	388
647.5	385
647.0	384
646.5	398
646.0	423
645.5	409
645.0	381
644.5	386
644.0	425
643.5	427
643.0	400
642.5	401
642.0	404
641.5	401
641.0	409
640.5	367
640.0	370
639.5	374
639.0	359
638.5	389
638.0	393
637.5	406
637.0	399
636.5	351
636.0	346
635.5	346
635.0	368
634.5	376
634.0	388
633.5	374
633.0	394
632.5	350
632.0	364
631.5	358
631.0	339
630.5	359
630.0	353
629.5	357
629.0	348
628.5	363
628.0	340
627.5	347
627.0	339
626.5	357
626.0	356
625.5	366
625.0	378
624.5	368
624.0	357
623.5	385
623.0	367
622.5	355
622.0	345
621.5	384
621.0	402
620.5	336
620.0	348
619.5	356
619.0	353
618.5	382
618.0	340
617.5	366
617.0	375
616.5	363
616.0	355
615.5	362
615.0	357
614.5	373
614.0	357
613.5	350
613.0	381
612.5	373
612.0	330
611.5	389
611.0	377
610.5	349
610.0	361
609.5	367
609.0	357
608.5	404
608.0	377
607.5	375
607.0	408
606.5	342
606.0	380
605.5	367
605.0	378
604.5	409
604.0	388
603.5	383
603.0	393
602.5	340
602.0	371
601.5	393
601.0	384
600.5	390
600.0	387
599.5	374
599.0	393
598.5	358
598.0	374
597.5	351
597.0	360
596.5	384
596.0	393
595.5	406
595.0	395
594.5	371
594.0	360
593.5	374
593.0	379
592.5	376
592.0	403
591.5	391
591.0	395
590.5	401
590.0	393
589.5	395
589.0	386
588.5	377
588.0	384
587.5	365
587.0	407
586.5	433
586.0	394
585.5	423
585.0	382
584.5	386
584.0	375
583.5	394
583.0	388
582.5	411
582.0	409
581.5	408
581.0	401
580.5	407
580.0	376
579.5	370
579.0	382
578.5	403
578.0	415
577.5	393
577.0	386
576.5	404
576.0	411
575.5	406
575.0	405
574.5	409
574.0	384
573.5	396
573.0	397
572.5	385
572.0	403
571.5	407
571.0	411
570.5	398
570.0	391
569.5	375
569.0	386
568.5	368
568.0	383
567.5	355
567.0	363
566.5	350
566.0	396
565.5	381
565.0	371
564.5	365
564.0	386
563.5	397
563.0	402
562.5	414
562.0	399
561.5	449
561.0	458
560.5	432
560.0	445
559.5	460
559.0	439
558.5	508
558.0	470
557.5	495
557.0	470
556.5	497
556.0	496
555.5	501
555.0	529
554.5	474
554.0	513
553.5	485
553.0	460
552.5	446
552.0	445
551.5	430
551.0	397
550.5	397
550.0	354
549.5	354
549.0	348
548.5	345
548.0	347
547.5	336
547.0	338
546.5	319
546.0	299
545.5	308
545.0	290
544.5	287
544.0	257
543.5	209
543.0	203
542.5	170
542.0	142
541.5	116
541.0	130
540.5	120
540.0	105
539.5	100
539.0	105
538.5	86
538.0	108
537.5	110
537.0	109
536.5	126
536.0	148
535.5	219
535.0	381
534.5	679
534.0	1253
533.5	2060
533.0	2962
532.5	3379
532.0	3053
531.5	2140
531.0	1178
530.5	564
530.0	249
529.5	163
529.0	129
528.5	108
528.0	111
527.5	94
527.0	88
526.5	74
526.0	77
525.5	105
525.0	93
524.5	85
524.0	91
523.5	81
523.0	70
522.5	90
522.0	100
521.5	97
521.0	82
520.5	91
520.0	89
519.5	82
519.0	75
518.5	102
518.0	81
517.5	80
517.0	75
516.5	67
516.0	92
515.5	111
515.0	80
514.5	96
514.0	93
513.5	81
513.0	86
512.5	81
512.0	93
511.5	84
511.0	80
510.5	87
510.0	78
509.5	82
509.0	84
508.5	93
508.0	83
507.5	77
507.0	74
506.5	86
506.0	83
505.5	93
505.0	98
504.5	102
504.0	82
503.5	76
503.0	84
502.5	75
502.0	89
501.5	100
501.0	88
500.5	84
500.0	81
499.5	85
499.0	81
498.5	99
498.0	91
497.5	99
497.0	92
496.5	79
496.0	94
495.5	82
495.0	98
494.5	86
494.0	86
493.5	83
493.0	87
492.5	82
492.0	70
491.5	83
491.0	87
490.5	105
490.0	92
489.5	91
489.0	73
488.5	72
488.0	81
487.5	79
487.0	80
486.5	84
486.0	90
485.5	80
485.0	74
484.5	77
484.0	88
483.5	103
483.0	82
482.5	72
482.0	85
481.5	65
481.0	93
480.5	86
480.0	95
479.5	89
479.0	72
478.5	87
478.0	84
477.5	92
477.0	73
476.5	83
476.0	92
475.5	86
475.0	91
474.5	83
474.0	79
473.5	84
473.0	91
472.5	71
472.0	83
471.5	87
471.0	74
470.5	81
470.0	91
469.5	84
469.0	87
468.5	77
468.0	89
467.5	87
467.0	82
466.5	63
466.0	85
465.5	82
465.0	90
464.5	80
464.0	74
463.5	79
463.0	82
462.5	74
462.0	83
461.5	82
461.0	83
460.5	76
460.0	83
459.5	73
459.0	69
458.5	94
458.0	86
457.5	83
457.0	76
456.5	84
456.0	83
455.5	70
455.0	84
454.5	87
454.0	76
453.5	83
453.0	103
452.5	71
452.0	89
451.5	80
451.0	85
450.5	87
450.0	87
449.5	89
449.0	93
448.5	87
448.0	79
447.5	90
447.0	92
446.5	90
446.0	74
445.5	83
445.0	87
444.5	79
444.0	83
443.5	77
443.0	93
442.5	77
442.0	87
441.5	80
441.0	73
440.5	79
440.0	80
439.5	86
439.0	98
438.5	71
438.0	70
437.5	76
437.0	90
436.5	81
436.0	91
435.5	88
435.0	85
434.5	74
434.0	90
433.5	82
433.0	82
432.5	86
432.0	80
431.5	71
431.0	90
430.5	84
430.0	81
429.5	81
429.0	76
428.5	88
428.0	80
427.5	87
427.0	79
426.5	78
426.0	89
425.5	81
425.0	73
424.5	75
424.0	90
423.5	89
423.0	69
422.5	79
422.0	75
421.5	72
421.0	82
420.5	77
420.0	78
419.5	66
419.0	82
418.5	80
418.0	92
417.5	85
417.0	82
416.5	85
416.0	81
415.5	74
415.0	77
414.5	89
414.0	81
413.5	95
413.0	84
412.5	80
412.0	75
411.5	93
411.0	96
410.5	90
410.0	93
409.5	88
409.0	80
408.5	81
408.0	81
407.5	73
407.0	87
406.5	89
406.0	91
405.5	74
405.0	94
404.5	87
404.0	77
403.5	94
403.0	74
402.5	87
402.0	87
401.5	81
401.0	78
400.5	98
400.0	76
399.5	83
399.0	86
398.5	99
398.0	78
397.5	100
397.0	86
396.5	86
396.0	92
395.5	86
395.0	85
394.5	93
394.0	83
393.5	74
393.0	81
392.5	87
392.0	86
391.5	69
391.0	76
390.5	98
390.0	71
389.5	60
389.0	80
388.5	79
388.0	83
387.5	85
387.0	84
386.5	70
386.0	83
385.5	73
385.0	87
384.5	74
384.0	80
383.5	97
383.0	84
382.5	79
382.0	83
381.5	96
381.0	91
380.5	89
380.0	87
379.5	86
379.0	83
378.5	82
378.0	86
377.5	84
377.0	95
376.5	86
376.0	98
375.5	87
375.0	95
374.5	81
374.0	86
373.5	93
373.0	78
372.5	94
372.0	89
371.5	86
371.0	75
370.5	91
370.0	82
369.5	88
369.0	89
368.5	96
368.0	89
367.5	85
367.0	82
366.5	99
366.0	92
365.5	88
365.0	79
364.5	89
364.0	64
363.5	76
363.0	85
362.5	94
362.0	91
361.5	77
361.0	86
360.5	89
360.0	92
359.5	98
359.0	82
358.5	77
358.0	71
357.5	84
357.0	97
356.5	80
356.0	83
355.5	112
355.0	93
354.5	86
354.0	96
353.5	89
353.0	77
352.5	92
352.0	91
351.5	85
351.0	79
350.5	91
350.0	101
349.5	81
349.0	82
348.5	89
348.0	86
347.5	82
347.0	94
346.5	87
346.0	89
345.5	86
345.0	87
344.5	86
344.0	90
343.5	70
343.0	89
342.5	82
342.0	74
341.5	88
341.0	90
340.5	93
340.0	88
339.5	90
339.0	85
338.5	88
338.0	84
337.5	76
337.0	85
336.5	97
336.0	82
335.5	87
335.0	77
334.5	85
334.0	96
333.5	77
333.0	97
332.5	85
332.0	78
331.5	93
331.0	80
330.5	105
330.0	102
329.5	79
329.0	90
328.5	73
328.0	85
327.5	94
327.0	101
326.5	80
326.0	93
325.5	91
325.0	84
324.5	83
324.0	95
323.5	85
323.0	80
322.5	72
322.0	103
321.5	94
321.0	83
320.5	77
320.0	96
319.5	87
319.0	80
318.5	89
318.0	88
317.5	98
317.0	94
316.5	91
316.0	89
315.5	94
315.0	83
314.5	95
314.0	87
313.5	92
313.0	85
312.5	90
312.0	86
311.5	95
311.0	98
310.5	92
310.0	98
309.5	97
309.0	90
308.5	86
308.0	86
307.5	67
307.0	91
306.5	89
306.0	101
305.5	99
305.0	83
304.5	93
304.0	91
303.5	99
303.0	82
302.5	84
302.0	81
301.5	74
301.0	83
300.5	89
300.0	85
299.5	97
299.0	72
298.5	74
298.0	82
297.5	75
297.0	81
296.5	77
296.0	84
295.5	93
295.0	104
294.5	100
294.0	83
293.5	86
293.0	80
292.5	75
292.0	82
291.5	92
291.0	78
290.5	92
290.0	88
289.5	97
289.0	78
288.5	76
288.0	97
287.5	102
287.0	111
286.5	120
286.0	124
285.5	117
285.0	117
284.5	133
284.0	125
283.5	111
283.0	114
282.5	76
282.0	81
281.5	73
281.0	82
280.5	84
280.0	82
279.5	86
279.0	84
278.5	91
278.0	87
277.5	77
277.0	82
276.5	81
276.0	88
275.5	85
275.0	80
274.5	89
274.0	83
273.5	70
273.0	80
272.5	79
272.0	81
271.5	91
271.0	89
270.5	75
270.0	81
269.5	86
269.0	90
268.5	83
268.0	90
267.5	93
267.0	95
266.5	74
266.0	83
265.5	80
265.0	87
264.5	75
264.0	79
263.5	84
263.0	73
262.5	98
262.0	80
261.5	109
261.0	81
260.5	87
260.0	70
259.5	90
259.0	90
258.5	82
258.0	88
257.5	88
257.0	81
256.5	68
256.0	63
255.5	90
255.0	102
254.5	91
254.0	91
253.5	79
253.0	93
252.5	95
252.0	86
251.5	77
251.0	80
250.5	105
250.0	81
249.5	93
249.0	87
248.5	95
248.0	76
247.5	85
247.0	74
246.5	86
246.0	69
245.5	81
245.0	73
244.5	82
244.0	79
243.5	88
243.0	85
242.5	92
242.0	93
241.5	84
241.0	91
240.5	80
240.0	81
239.5	75
239.0	93
238.5	90
238.0	86
237.5	88
237.0	76
236.5	87
236.0	88
235.5	97
235.0	102
234.5	78
234.0	82
233.5	93
233.0	82
232.5	78
232.0	111
231.5	89
231.0	93
230.5	90
230.0	82
229.5	95
229.0	87
228.5	87
228.0	84
227.5	86
227.0	82
226.5	97
226.0	93
225.5	77
225.0	73
224.5	85
224.0	93
223.5	80
223.0	86
222.5	71
222.0	76
221.5	92
221.0	82
220.5	88
220.0	84
219.5	75
219.0	86
218.5	93
218.0	85
217.5	86
217.0	100
216.5	94
216.0	97
215.5	93
215.0	76
214.5	97
214.0	94
213.5	89
213.0	105
212.5	87
212.0	94
211.5	96
211.0	88
210.5	83
210.0	85
209.5	92
209.0	90
208.5	88
208.0	82
207.5	82
207.0	93
206.5	97
206.0	98
205.5	94
205.0	100
204.5	102
204.0	93
203.5	96
203.0	87
202.5	112
202.0	107
201.5	99
201.0	94
200.5	106
200.0	104
199.5	113
199.0	88
198.5	99
198.0	97
197.5	100
197.0	101
196.5	102
196.0	108
195.5	108
195.0	93
194.5	87
194.0	88
193.5	88
193.0	93
192.5	88
192.0	100
191.5	91
191.0	90
190.5	106
190.0	106
189.5	82
189.0	85
188.5	89
188.0	87
187.5	108
187.0	88
186.5	93
186.0	100
185.5	106
185.0	107
184.5	91
184.0	105
183.5	111
183.0	106
182.5	93
182.0	101
181.5	111
181.0	103
180.5	104
180.0	99
179.5	111
179.0	126
178.5	111
178.0	120
177.5	117
177.0	102
176.5	122
176.0	114
175.5	111
175.0	120
174.5	120
174.0	115
173.5	111
173.0	119
172.5	93
172.0	96
171.5	115
171.0	100
170.5	102
170.0	98
169.5	86
169.0	87
168.5	111
168.0	103
167.5	91
167.0	82
166.5	86
166.0	75
165.5	77
165.0	86
164.5	80
164.0	71
163.5	77
163.0	71
162.5	65
162.0	71
161.5	67
161.0	67
160.5	70
160.0	66
159.5	74
159.0	73
158.5	93
158.0	91
157.5	94
157.0	113
156.5	130
156.0	192
155.5	277
155.0	359
154.5	415
154.0	495
153.5	425
153.0	336
152.5	253
152.0	181
151.5	133
151.0	118
150.5	89
150.0	80
149.5	87
149.0	78
148.5	74
148.0	68
147.5	56
147.0	61
146.5	64
146.0	71
145.5	75
145.0	67
144.5	69
144.0	67
143.5	63
143.0	79
142.5	70
142.0	70
141.5	56
141.0	61
140.5	69
140.0	71
139.5	70
139.0	63
138.5	69
138.0	61
137.5	54
137.0	65
136.5	73
136.0	51
135.5	54
135.0	66
134.5	58
134.0	62
133.5	53
133.0	68
132.5	67
132.0	60
131.5	68
131.0	57
130.5	64
130.0	62
129.5	64
129.0	65
128.5	73
128.0	76
127.5	78
127.0	64
126.5	90
126.0	75
125.5	63
125.0	85
124.5	79
124.0	82
123.5	67
123.0	75
122.5	66
122.0	69
121.5	69
121.0	65
120.5	56
120.0	58
119.5	63
119.0	51
118.5	61
118.0	62
117.5	51
117.0	60
116.5	66
116.0	54
115.5	49
115.0	59
114.5	53
114.0	41
113.5	40
113.0	36
112.5	38
112.0	28
111.5	34
111.0	28
110.5	36
110.0	24
109.5	35
109.0	37
108.5	30
108.0	22
107.5	19
107.0	29
106.5	28
106.0	27
105.5	58
105.0	89
104.5	193
104.0	338
103.5	450
103.0	466
102.5	396
102.0	274
101.5	181
101.0	82
100.5	38
100.0	29
99.5	29
99.0	28
98.5	22
98.0	21
97.5	34
97.0	28
96.5	31
96.0	23
95.5	30
95.0	25
94.5	24
94.0	29
93.5	35
93.0	28
92.5	26
92.0	32
91.5	24
91.0	24
90.5	25
90.0	26
89.5	29
89.0	23
88.5	29
88.0	28
87.5	31
87.0	23
86.5	22
86.0	22
85.5	24
85.0	25
84.5	19
84.0	18
83.5	22
83.0	21
82.5	20
82.0	20
81.5	24
81.0	21
80.5	28
80.0	19
79.5	16
79.0	22
78.5	21
78.0	26
77.5	24
77.0	23
76.5	27
76.0	28
75.5	28
75.0	24
74.5	29
74.0	24
73.5	23
73.0	26
72.5	36
72.0	23
71.5	26
71.0	29
70.5	28
70.0	37
69.5	38
69.0	27
68.5	35
68.0	32
67.5	35
67.0	32
66.5	26
66.0	16
65.5	18
65.0	27
64.5	21
64.0	32
63.5	26
63.0	29
62.5	21
62.0	21
61.5	18
61.0	15
60.5	19
60.0	18
59.5	15
59.0	22
58.5	14
58.0	19
57.5	19
57.0	15
56.5	16
56.0	19
55.5	21
55.0	22
54.5	27
54.0	20
53.5	24
53.0	30
52.5	22
52.0	16
51.5	21
51.0	35
50.5	23
50.0	16
49.5	18
49.0	31
48.5	30
48.0	30
47.5	17
47.0	16
46.5	21
46.0	25
45.5	25
45.0	25
44.5	24
44.0	20
43.5	20
43.0	17
42.5	17
42.0	16
41.5	18
41.0	16
40.5	15
40.0	18
39.5	16
39.0	25
38.5	13
38.0	14
37.5	15
37.0	17
36.5	13
36.0	15
35.5	14
35.0	10
34.5	16
34.0	18
33.5	15
33.0	21
32.5	14
32.0	10
31.5	21
31.0	16
30.5	18
30.0	22
29.5	18
29.0	18
28.5	29
28.0	31
27.5	43
27.0	41
26.5	60
26.0	79
25.5	85
25.0	78
24.5	70
24.0	63
23.5	50
23.0	38
22.5	25
22.0	15
21.5	10
21.0	9
20.5	8
20.0	7
19.5	4
19.0	6
18.5	2
18.0	4
17.5	3
17.0	4
16.5	7
16.0	4
15.5	16
15.0	19
14.5	14
14.0	22
13.5	19
13.0	9
12.5	21
12.0	23
11.5	26
11.0	17
10.5	18
10.0	17
9.5	18
9.0	15
8.5	17
8.0	16
7.5	22
7.0	27
6.5	21
6.0	13
5.5	17
5.0	12
4.5	10
4.0	6
3.5	4
3.0	6
2.5	3
2.0	5
1.5	3
1.0	1
0.5	1
0.0	0
Region	Enabled	DataFlag	Start	End	Step	Sweeps	Dwell	Mode	CAE/CRR	Mag	Divide by Ten	Notes	Function	Line-Style	Point-Style	Sweeps-Acquired
2	true	Original	545.000	525.000	-0.100	2	0.200	CAE	50.00	High	false	O	7 Channel Acquisition			2
Layer	Enabled	DataFlag	Notes	Formula	Line-Style	Point-Style
1	True		Ch(1)+Ch(2)+Ch(3)+Ch(4)+Ch(5)+Ch(6)+Ch(7)		
Energy	Counts
545.000	575
544.900	588
544.800	550
544.700	562
544.600	569
544.500	560
544.400	527
544.300	539
544.200	547
544.100	527
544.000	501
543.900	493
543.800	498
543.700	489
543.600	477
543.500	483
543.400	486
543.300	457
543.200	391
543.100	406
543.000	417
542.900	408
542.800	419
542.700	403
542.600	375
542.500	389
542.400	384
542.300	337
542.200	330
542.100	337
542.000	316
541.900	305
541.800	290
541.700	278
541.600	293
541.500	290
541.400	278
541.300	267
541.200	258
541.100	267
541.000	274
540.900	262
540.800	245
540.700	243
540.600	242
540.500	262
540.400	276
540.300	245
540.200	236
540.100	232
540.000	221
539.900	222
539.800	238
539.700	231
539.600	233
539.500	209
539.400	212
539.300	215
539.200	219
539.100	208
539.000	220
538.900	202
538.800	222
538.700	226
538.600	229
538.500	221
538.400	219
538.300	221
538.200	210
538.100	184
538.000	196
537.900	208
537.800	221
537.700	235
537.600	229
537.500	215
537.400	219
537.300	231
537.200	214
537.100	218
537.000	215
536.900	195
536.800	218
536.700	223
536.600	218
536.500	220
536.400	237
536.300	245
536.200	244
536.100	260
536.000	267
535.900	301
535.800	315
535.700	340
535.600	351
535.500	369
535.400	432
535.300	502
535.200	541
535.100	592
535.000	678
534.900	762
534.800	859
534.700	971
534.600	1154
534.500	1319
534.400	1493
534.300	1692
534.200	1941
534.100	2224
534.000	2499
533.900	2732
533.800	2974
533.700	3387
533.600	3690
533.500	4076
533.400	4400
533.300	4727
533.200	5049
533.100	5496
533.000	5837
532.900	6112
532.800	6282
532.700	6442
532.600	6630
532.500	6774
532.400	6781
532.300	6727
532.200	6766
532.100	6494
532.000	6323
531.900	6050
531.800	5670
531.700	5300
531.600	4929
531.500	4552
531.400	4081
531.300	3588
531.200	3165
531.100	2829
531.000	2426
530.900	2113
530.800	1850
530.700	1546
530.600	1310
530.500	1128
530.400	957
530.300	792
530.200	730
530.100	648
530.000	583
529.900	492
529.800	437
529.700	387
529.600	370
529.500	332
529.400	311
529.300	292
529.200	290
529.100	281
529.000	279
528.900	274
528.800	227
528.700	237
528.600	254
528.500	253
528.400	234
528.300	216
528.200	206
528.100	190
528.000	202
527.900	196
527.800	199
527.700	180
527.600	198
527.500	199
527.400	204
527.300	189
527.200	202
527.100	194
527.000	173
526.900	172
526.800	188
526.700	189
526.600	177
526.500	183
526.400	199
526.300	184
526.200	185
526.100	178
526.000	171
525.900	175
525.800	182
525.700	185
525.600	169
525.500	164
525.400	181
525.300	161
525.200	172
525.100	188
525.000	187
Region	Enabled	DataFlag	Start	End	Step	Sweeps	Dwell	Mode	CAE/CRR	Mag	Divide by Ten	Notes	Function	Line-Style	Point-Style	Sweeps-Acquired
3	true	Original	275.000	295.000	0.100	10	0.200	CAE	50.00	High	false	c	7 Channel Acquisition			10
Layer	Enabled	DataFlag	Notes	Formula	Line-Style	Point-Style
1	True		Ch(1)+Ch(2)+Ch(3)+Ch(4)+Ch(5)+Ch(6)+Ch(7)		
Energy	Counts
275.000	816
275.100	846
275.200	836
275.300	786
275.400	817
275.500	880
275.600	831
275.700	833
275.800	806
275.900	809
276.000	872
276.100	844
276.200	813
276.300	815
276.400	823
276.500	800
276.600	849
276.700	888
276.800	871
276.900	820
277.000	818
277.100	851
277.200	873
277.300	852
277.400	828
277.500	842
277.600	847
277.700	834
277.800	805
277.900	843
278.000	866
278.100	835
278.200	855
278.300	836
278.400	816
278.500	848
278.600	864
278.700	820
278.800	837
278.900	868
279.000	829
279.100	830
279.200	884
279.300	863
279.400	840
279.500	854
279.600	833
279.700	830
279.800	849
279.900	853
280.000	853
280.100	863
280.200	811
280.300	841
280.400	839
280.500	865
280.600	865
280.700	863
280.800	845
280.900	825
281.000	830
281.100	842
281.200	840
281.300	846
281.400	840
281.500	847
281.600	823
281.700	852
281.800	853
281.900	883
282.000	882
282.100	866
282.200	889
282.300	891
282.400	906
282.500	911
282.600	876
282.700	932
282.800	994
282.900	1035
283.000	1032
283.100	1056
283.200	1110
283.300	1101
283.400	1125
283.500	1173
283.600	1177
283.700	1215
283.800	1295
283.900	1332
284.000	1378
284.100	1293
284.200	1327
284.300	1342
284.400	1336
284.500	1341
284.600	1331
284.700	1336
284.800	1322
284.900	1294
285.000	1295
285.100	1321
285.200	1258
285.300	1271
285.400	1270
285.500	1248
285.600	1192
285.700	1196
285.800	1214
285.900	1247
286.000	1238
286.100	1236
286.200	1185
286.300	1159
286.400	1193
286.500	1156
286.600	1142
286.700	1136
286.800	1160
286.900	1110
287.000	1095
287.100	1073
287.200	1092
287.300	1070
287.400	1033
287.500	1029
287.600	1021
287.700	1028
287.800	987
287.900	968
288.000	964
288.100	948
288.200	933
288.300	932
288.400	958
288.500	942
288.600	970
288.700	924
288.800	919
288.900	910
289.000	927
289.100	938
289.200	961
289.300	941
289.400	924
289.500	900
289.600	915
289.700	884
289.800	874
289.900	894
290.000	873
290.100	898
290.200	881
290.300	874
290.400	878
290.500	885
290.600	868
290.700	885
290.800	884
290.900	887
291.000	886
291.100	892
291.200	846
291.300	835
291.400	861
291.500	868
291.600	826
291.700	840
291.800	838
291.900	858
292.000	862
292.100	863
292.200	851
292.300	843
292.400	841
292.500	861
292.600	866
292.700	853
292.800	852
292.900	848
293.000	857
293.100	825
293.200	857
293.300	883
293.400	827
293.500	847
293.600	829
293.700	845
293.800	837
293.900	891
294.000	894
294.100	853
294.200	855
294.300	871
294.400	881
294.500	889
294.600	869
294.700	900
294.800	889
294.900	895
295.000	869
Region	Enabled	DataFlag	Start	End	Step	Sweeps	Dwell	Mode	CAE/CRR	Mag	Divide by Ten	Notes	Function	Line-Style	Point-Style	Sweeps-Acquired
4	true	Original	110.000	90.000	-0.100	5	0.200	CAE	50.00	High	false	Si	7 Channel Acquisition			5
Layer	Enabled	DataFlag	Notes	Formula	Line-Style	Point-Style
1	True		Ch(1)+Ch(2)+Ch(3)+Ch(4)+Ch(5)+Ch(6)+Ch(7)		
Energy	Counts
110.000	139
109.900	128
109.800	132
109.700	139
109.600	133
109.500	135
109.400	121
109.300	120
109.200	127
109.100	120
109.000	117
108.900	133
108.800	114
108.700	102
108.600	120
108.500	117
108.400	112
108.300	129
108.200	115
108.100	118
108.000	123
107.900	120
107.800	111
107.700	117
107.600	124
107.500	130
107.400	118
107.300	104
107.200	112
107.100	104
107.000	129
106.900	123
106.800	121
106.700	141
106.600	137
106.500	139
106.400	141
106.300	133
106.200	146
106.100	165
106.000	153
105.900	160
105.800	192
105.700	214
105.600	229
105.500	256
105.400	283
105.300	314
105.200	388
105.100	449
105.000	498
104.900	544
104.800	662
104.700	754
104.600	889
104.500	965
104.400	1014
104.300	1163
104.200	1317
104.100	1440
104.000	1574
103.900	1738
103.800	1899
103.700	2023
103.600	2112
103.500	2214
103.400	2227
103.300	2277
103.200	2405
103.100	2404
103.000	2456
102.900	2508
102.800	2374
102.700	2360
102.600	2324
102.500	2227
102.400	2040
102.300	1914
102.200	1810
102.100	1641
102.000	1519
101.900	1366
101.800	1204
101.700	1068
101.600	939
101.500	818
101.400	721
101.300	633
101.200	554
101.100	460
101.000	413
100.900	353
100.800	281
100.700	259
100.600	203
100.500	191
100.400	178
100.300	152
100.200	151
100.100	157
100.000	156
99.900	145
99.800	120
99.700	126
99.600	126
99.500	126
99.400	126
99.300	114
99.200	113
99.100	111
99.000	124
98.900	123
98.800	127
98.700	128
98.600	115
98.500	114
98.400	128
98.300	127
98.200	123
98.100	113
98.000	112
97.900	107
97.800	125
97.700	117
97.600	118
97.500	115
97.400	131
97.300	124
97.200	121
97.100	111
97.000	103
96.900	118
96.800	120
96.700	109
96.600	104
96.500	115
96.400	119
96.300	127
96.200	120
96.100	125
96.000	127
95.900	120
95.800	137
95.700	130
95.600	114
95.500	117
95.400	116
95.300	126
95.200	107
95.100	95
95.000	108
94.900	120
94.800	106
94.700	110
94.600	114
94.500	120
94.400	129
94.300	120
94.200	122
94.100	102
94.000	102
93.900	113
93.800	116
93.700	115
93.600	116
93.500	121
93.400	120
93.300	121
93.200	121
93.100	113
93.000	117
92.900	119
92.800	117
92.700	109
92.600	118
92.500	119
92.400	107
92.300	113
92.200	114
92.100	131
92.000	127
91.900	118
91.800	134
91.700	125
91.600	126
91.500	132
91.400	126
91.300	122
91.200	121
91.100	117
91.000	120
90.900	132
90.800	129
90.700	118
90.600	136
90.500	130
90.400	130
90.300	131
90.200	133
90.100	129
90.000	127
Region	Enabled	DataFlag	Start	End	Step	Sweeps	Dwell	Mode	CAE/CRR	Mag	Divide by Ten	Notes	Function	Line-Style	Point-Style	Sweeps-Acquired
5	true	Original	890.000	840.000	-0.100	40	0.200	CAE	50.00	High	false	Ni	7 Channel Acquisition			40
Layer	Enabled	DataFlag	Notes	Formula	Line-Style	Point-Style
1	True		Ch(1)+Ch(2)+Ch(3)+Ch(4)+Ch(5)+Ch(6)+Ch(7)		
Energy	Counts
890.000	16418
889.900	16398
889.800	16473
889.700	16552
889.600	16634
889.500	16539
889.400	16560
889.300	16490
889.200	16572
889.100	16554
889.000	16518
888.900	16347
888.800	16468
888.700	16423
888.600	16460
888.500	16563
888.400	16507
888.300	16479
888.200	16430
888.100	16389
888.000	16451
887.900	16546
887.800	16487
887.700	16543
887.600	16627
887.500	16499
887.400	16501
887.300	16688
887.200	16586
887.100	16585
887.000	16605
886.900	16666
886.800	16634
886.700	16534
886.600	16530
886.500	16669
886.400	16509
886.300	16615
886.200	16680
886.100	16751
886.000	16671
885.900	16557
885.800	16570
885.700	16726
885.600	16648
885.500	16551
885.400	16498
885.300	16444
885.200	16544
885.100	16784
885.000	16735
884.900	16690
884.800	16843
884.700	16875
884.600	16760
884.500	16778
884.400	16990
884.300	16816
884.200	17014
884.100	17137
884.000	16847
883.900	16873
883.800	16974
883.700	16924
883.600	17097
883.500	17092
883.400	17017
883.300	17167
883.200	17083
883.100	17089
883.000	17100
882.900	17170
882.800	17230
882.700	17283
882.600	17335
882.500	17121
882.400	17226
882.300	17369
882.200	17180
882.100	17245
882.000	17398
881.900	17355
881.800	17304
881.700	17172
881.600	17399
881.500	17456
881.400	17654
881.300	17562
881.200	17448
881.100	17285
881.000	17394
880.900	17558
880.800	17395
880.700	17343
880.600	17106
880.500	17208
880.400	17356
880.300	17543
880.200	17568
880.100	17632
880.000	17439
879.900	17287
879.800	17322
879.700	17277
879.600	17486
879.500	17471
879.400	17359
879.300	17408
879.200	17382
879.100	17398
879.000	17182
878.900	17157
878.800	17203
878.700	17055
878.600	17412
878.500	17268
878.400	17228
878.300	17113
878.200	17161
878.100	17233
878.000	17185
877.900	17231
877.800	17295
877.700	17452
877.600	17253
877.500	17247
877.400	17149
877.300	17350
877.200	17419
877.100	17326
877.000	17301
876.900	17285
876.800	17422
876.700	17304
876.600	17371
876.500	17367
876.400	17380
876.300	17413
876.200	17511
876.100	17355
876.000	17410
875.900	17625
875.800	17574
875.700	17642
875.600	17658
875.500	17771
875.400	17780
875.300	17888
875.200	17762
875.100	17791
875.000	17706
874.900	17983
874.800	18036
874.700	17950
874.600	18023
874.500	18199
874.400	17940
874.300	17837
874.200	17948
874.100	17960
874.000	17969
873.900	17919
873.800	17898
873.700	18014
873.600	17825
873.500	17729
873.400	17701
873.300	17599
873.200	17881
873.100	17747
873.000	17564
872.900	17609
872.800	17400
872.700	17322
872.600	17424
872.500	17400
872.400	17310
872.300	17235
872.200	17179
872.100	17099
872.000	17009
871.900	17106
871.800	17063
871.700	17057
871.600	17016
871.500	17016
871.400	16951
871.300	16923
871.200	17030
871.100	16735
871.000	16719
870.900	16692
870.800	16763
870.700	16674
870.600	16561
870.500	16544
870.400	16222
870.300	16286
870.200	16399
870.100	16114
870.000	16133
869.900	16165
869.800	16072
869.700	16026
869.600	16265
869.500	16098
869.400	15866
869.300	15836
869.200	15855
869.100	15939
869.000	15945
868.900	16034
868.800	16072
868.700	15790
868.600	15905
868.500	16047
868.400	16044
868.300	15853
868.200	15952
868.100	15917
868.000	15980
867.900	15841
867.800	15827
867.700	16026
867.600	16023
867.500	15868
867.400	16069
867.300	16099
867.200	15954
867.100	15799
867.000	15997
866.900	16110
866.800	16013
866.700	16041
866.600	15927
866.500	16033
866.400	15960
866.300	16115
866.200	16108
866.100	15923
866.000	16021
865.900	16047
865.800	16135
865.700	16124
865.600	16427
865.500	16349
865.400	16253
865.300	16202
865.200	16306
865.100	16311
865.000	16286
864.900	16512
864.800	16573
864.700	16442
864.600	16490
864.500	16547
864.400	16608
864.300	16777
864.200	16508
864.100	16767
864.000	17002
863.900	16785
863.800	16822
863.700	16954
863.600	16805
863.500	16824
863.400	16856
863.300	17019
863.200	17170
863.100	17095
863.000	17155
862.900	17072
862.800	17125
862.700	17229
862.600	17297
862.500	17208
862.400	16942
862.300	17009
862.200	16964
862.100	17203
862.000	17174
861.900	17175
861.800	17033
861.700	17054
861.600	17314
861.500	17149
861.400	17016
861.300	17062
861.200	17013
861.100	17000
861.000	16981
860.900	16984
860.800	16876
860.700	16978
860.600	16854
860.500	16971
860.400	17093
860.300	16806
860.200	16867
860.100	16949
860.000	16847
859.900	16883
859.800	16942
859.700	17034
859.600	16882
859.500	16894
859.400	16854
859.300	17028
859.200	17193
859.100	17074
859.000	17068
858.900	17117
858.800	17367
858.700	17247
858.600	17343
858.500	17442
858.400	17376
858.300	17547
858.200	17591
858.100	17727
858.000	17878
857.900	18007
857.800	18052
857.700	18169
857.600	18284
857.500	18612
857.400	18489
857.300	18494
857.200	18637
857.100	18656
857.000	18723
856.900	18844
856.800	18884
856.700	18713
856.600	19059
856.500	19134
856.400	19016
856.300	19087
856.200	19148
856.100	19048
856.000	19018
855.900	18796
855.800	18683
855.700	18811
855.600	18769
855.500	18660
855.400	18488
855.300	18434
855.200	18562
855.100	18324
855.000	18275
854.900	18360
854.800	18244
854.700	18154
854.600	18312
854.500	18154
854.400	17965
854.300	17827
854.200	17901
854.100	17765
854.000	17849
853.900	17733
853.800	17561
853.700	17312
853.600	17257
853.500	16798
853.400	16660
853.300	16425
853.200	16365
853.100	16117
853.000	15830
852.900	15865
852.800	15517
852.700	15195
852.600	15266
852.500	15145
852.400	14898
852.300	14807
852.200	14603
852.100	14492
852.000	14568
851.900	14652
851.800	14620
851.700	14569
851.600	14512
851.500	14476
851.400	14551
851.300	14786
851.200	14389
851.100	14373
851.000	14433
850.900	14496
850.800	14558
850.700	14490
850.600	14437
850.500	14365
850.400	14538
850.300	14453
850.200	14433
850.100	14317
850.000	14376
849.900	14425
849.800	14404
849.700	14388
849.600	14237
849.500	14198
849.400	14319
849.300	14424
849.200	14556
849.100	14424
849.000	14451
848.900	14378
848.800	14341
848.700	14290
848.600	14181
848.500	14428
848.400	14403
848.300	14444
848.200	14286
848.100	14307
848.000	14352
847.900	14317
847.800	14415
847.700	14426
847.600	14454
847.500	14464
847.400	14236
847.300	14306
847.200	14330
847.100	14320
847.000	14318
846.900	14314
846.800	14491
846.700	14435
846.600	14496
846.500	14277
846.400	14413
846.300	14312
846.200	14291
846.100	14351
846.000	14297
845.900	14303
845.800	14330
845.700	14339
845.600	14496
845.500	14388
845.400	14413
845.300	14390
845.200	14311
845.100	14351
845.000	14269
844.900	14389
844.800	14548
844.700	14422
844.600	14367
844.500	14286
844.400	14240
844.300	14237
844.200	14425
844.100	14459
844.000	14407
843.900	14374
843.800	14400
843.700	14385
843.600	14448
843.500	14481
843.400	14340
843.300	14347
843.200	14379
843.100	14383
843.000	14471
842.900	14394
842.800	14261
842.700	14440
842.600	14410
842.500	14623
842.400	14440
842.300	14293
842.200	14527
842.100	14429
842.000	14372
841.900	14402
841.800	14485
841.700	14540
841.600	14477
841.500	14465
841.400	14648
841.300	14520
841.200	14363
841.100	14410
841.000	14425
840.900	14272
840.800	14515
840.700	14404
840.600	14456
840.500	14376
840.400	14501
840.300	14412
840.200	14585
840.100	14477
840.000	14327
Region	Enabled	DataFlag	Start	End	Step	Sweeps	Dwell	Mode	CAE/CRR	Mag	Divide by Ten	Notes	Function	Line-Style	Point-Style	Sweeps-Acquired
6	true	Original	545.000	525.000	-0.100	1	0.200	CAE	50.00	High	false	O V	7 Channel Acquisition			1
Layer	Enabled	DataFlag	Notes	Formula	Line-Style	Point-Style
1	True		Ch(1)+Ch(2)+Ch(3)+Ch(4)+Ch(5)+Ch(6)+Ch(7)		
Energy	Counts
545.000	293
544.900	275
544.800	273
544.700	280
544.600	256
544.500	277
544.400	276
544.300	253
544.200	268
544.100	268
544.000	261
543.900	258
543.800	241
543.700	249
543.600	247
543.500	232
543.400	235
543.300	222
543.200	209
543.100	234
543.000	213
542.900	193
542.800	194
542.700	214
542.600	198
542.500	191
542.400	184
542.300	179
542.200	164
542.100	150
542.000	175
541.900	165
541.800	145
541.700	128
541.600	138
541.500	144
541.400	147
541.300	140
541.200	122
541.100	126
541.000	137
540.900	144
540.800	125
540.700	135
540.600	122
540.500	128
540.400	128
540.300	113
540.200	110
540.100	103
540.000	111
539.900	119
539.800	106
539.700	102
539.600	106
539.500	107
539.400	106
539.300	116
539.200	109
539.100	103
539.000	89
538.900	104
538.800	119
538.700	100
538.600	95
538.500	98
538.400	110
538.300	117
538.200	119
538.100	95
538.000	106
537.900	100
537.800	103
537.700	119
537.600	102
537.500	108
537.400	115
537.300	95
537.200	101
537.100	119
537.000	107
536.900	127
536.800	109
536.700	115
536.600	114
536.500	112
536.400	139
536.300	147
536.200	136
536.100	142
536.000	151
535.900	157
535.800	158
535.700	174
535.600	199
535.500	225
535.400	228
535.300	259
535.200	278
535.100	325
535.000	381
534.900	415
534.800	459
534.700	557
534.600	604
534.500	725
534.400	789
534.300	891
534.200	1013
534.100	1147
534.000	1308
533.900	1399
533.800	1538
533.700	1724
533.600	1902
533.500	2071
533.400	2242
533.300	2431
533.200	2572
533.100	2831
533.000	2932
532.900	2985
532.800	3174
532.700	3229
532.600	3347
532.500	3431
532.400	3417
532.300	3368
532.200	3375
532.100	3246
532.000	3127
531.900	2982
531.800	2893
531.700	2690
531.600	2504
531.500	2182
531.400	1995
531.300	1810
531.200	1609
531.100	1421
531.000	1272
530.900	1122
530.800	917
530.700	826
530.600	691
530.500	593
530.400	504
530.300	412
530.200	376
530.100	334
530.000	289
529.900	261
529.800	215
529.700	202
529.600	191
529.500	173
529.400	164
529.300	152
529.200	137
529.100	135
529.000	132
528.900	115
528.800	130
528.700	117
528.600	116
528.500	122
528.400	101
528.300	101
528.200	111
528.100	108
528.000	94
527.900	103
527.800	106
527.700	99
527.600	87
527.500	90
527.400	96
527.300	95
527.200	102
527.100	100
527.000	93
526.900	108
526.800	99
526.700	91
526.600	85
526.500	82
526.400	80
526.300	99
526.200	96
526.100	97
526.000	103
525.900	88
525.800	91
525.700	94
525.600	90
525.500	84
525.400	78
525.300	82
525.200	75
525.100	75
525.000	97
