"group_5_1_Au_1200.spc - RawData"
"疏酗(nm)","柲彶硉"
300.00,0.232
301.00,0.231
302.00,0.229
303.00,0.227
304.00,0.227
305.00,0.225
306.00,0.224
307.00,0.222
308.00,0.220
309.00,0.219
310.00,0.218
311.00,0.217
312.00,0.215
313.00,0.214
314.00,0.213
315.00,0.212
316.00,0.210
317.00,0.209
318.00,0.209
319.00,0.207
320.00,0.206
321.00,0.205
322.00,0.203
323.00,0.202
324.00,0.202
325.00,0.201
326.00,0.199
327.00,0.199
328.00,0.198
329.00,0.197
330.00,0.196
331.00,0.195
332.00,0.195
333.00,0.194
334.00,0.193
335.00,0.192
336.00,0.192
337.00,0.191
338.00,0.191
339.00,0.190
340.00,0.190
341.00,0.188
342.00,0.187
343.00,0.187
344.00,0.187
345.00,0.186
346.00,0.186
347.00,0.185
348.00,0.185
349.00,0.186
350.00,0.185
351.00,0.185
352.00,0.185
353.00,0.185
354.00,0.184
355.00,0.184
356.00,0.183
357.00,0.183
358.00,0.183
359.00,0.183
360.00,0.183
361.00,0.182
362.00,0.182
363.00,0.182
364.00,0.182
365.00,0.182
366.00,0.181
367.00,0.181
368.00,0.181
369.00,0.180
370.00,0.180
371.00,0.179
372.00,0.179
373.00,0.179
374.00,0.178
375.00,0.177
376.00,0.176
377.00,0.176
378.00,0.176
379.00,0.175
380.00,0.175
381.00,0.175
382.00,0.174
383.00,0.174
384.00,0.173
385.00,0.173
386.00,0.172
387.00,0.172
388.00,0.172
389.00,0.171
390.00,0.170
391.00,0.170
392.00,0.170
393.00,0.169
394.00,0.168
395.00,0.169
396.00,0.168
397.00,0.168
398.00,0.167
399.00,0.167
400.00,0.167
401.00,0.166
402.00,0.166
403.00,0.165
404.00,0.165
405.00,0.165
406.00,0.164
407.00,0.164
408.00,0.164
409.00,0.164
410.00,0.163
411.00,0.163
412.00,0.163
413.00,0.162
414.00,0.162
415.00,0.162
416.00,0.161
417.00,0.161
418.00,0.161
419.00,0.161
420.00,0.160
421.00,0.161
422.00,0.160
423.00,0.160
424.00,0.160
425.00,0.159
426.00,0.159
427.00,0.159
428.00,0.158
429.00,0.158
430.00,0.158
431.00,0.158
432.00,0.158
433.00,0.158
434.00,0.158
435.00,0.158
436.00,0.158
437.00,0.157
438.00,0.157
439.00,0.157
440.00,0.157
441.00,0.157
442.00,0.157
443.00,0.157
444.00,0.157
445.00,0.157
446.00,0.158
447.00,0.158
448.00,0.158
449.00,0.158
450.00,0.158
451.00,0.158
452.00,0.159
453.00,0.159
454.00,0.159
455.00,0.159
456.00,0.160
457.00,0.160
458.00,0.160
459.00,0.161
460.00,0.161
461.00,0.162
462.00,0.162
463.00,0.163
464.00,0.163
465.00,0.163
466.00,0.164
467.00,0.165
468.00,0.165
469.00,0.166
470.00,0.167
471.00,0.168
472.00,0.168
473.00,0.169
474.00,0.171
475.00,0.172
476.00,0.173
477.00,0.174
478.00,0.175
479.00,0.177
480.00,0.178
481.00,0.180
482.00,0.181
483.00,0.183
484.00,0.185
485.00,0.187
486.00,0.189
487.00,0.192
488.00,0.193
489.00,0.196
490.00,0.199
491.00,0.201
492.00,0.204
493.00,0.207
494.00,0.210
495.00,0.213
496.00,0.216
497.00,0.220
498.00,0.223
499.00,0.227
500.00,0.230
501.00,0.234
502.00,0.237
503.00,0.241
504.00,0.245
505.00,0.248
506.00,0.252
507.00,0.255
508.00,0.259
509.00,0.262
510.00,0.265
511.00,0.268
512.00,0.271
513.00,0.274
514.00,0.277
515.00,0.279
516.00,0.281
517.00,0.283
518.00,0.285
519.00,0.287
520.00,0.288
521.00,0.289
522.00,0.290
523.00,0.291
524.00,0.291
525.00,0.291
526.00,0.291
527.00,0.291
528.00,0.290
529.00,0.290
530.00,0.288
531.00,0.287
532.00,0.286
533.00,0.284
534.00,0.282
535.00,0.280
536.00,0.278
537.00,0.276
538.00,0.273
539.00,0.270
540.00,0.267
541.00,0.264
542.00,0.261
543.00,0.258
544.00,0.254
545.00,0.251
546.00,0.247
547.00,0.243
548.00,0.240
549.00,0.236
550.00,0.232
551.00,0.228
552.00,0.224
553.00,0.220
554.00,0.215
555.00,0.211
556.00,0.207
557.00,0.203
558.00,0.199
559.00,0.194
560.00,0.190
561.00,0.186
562.00,0.182
563.00,0.178
564.00,0.174
565.00,0.170
566.00,0.166
567.00,0.162
568.00,0.158
569.00,0.154
570.00,0.150
571.00,0.146
572.00,0.143
573.00,0.139
574.00,0.136
575.00,0.132
576.00,0.129
577.00,0.126
578.00,0.123
579.00,0.120
580.00,0.116
581.00,0.114
582.00,0.111
583.00,0.108
584.00,0.105
585.00,0.102
586.00,0.100
587.00,0.097
588.00,0.095
589.00,0.092
590.00,0.090
591.00,0.088
592.00,0.086
593.00,0.083
594.00,0.081
595.00,0.079
596.00,0.077
597.00,0.075
598.00,0.073
599.00,0.072
600.00,0.069
601.00,0.067
602.00,0.065
603.00,0.064
604.00,0.062
605.00,0.061
606.00,0.059
607.00,0.058
608.00,0.057
609.00,0.055
610.00,0.054
611.00,0.053
612.00,0.052
613.00,0.051
614.00,0.050
615.00,0.048
616.00,0.047
617.00,0.046
618.00,0.045
619.00,0.044
620.00,0.043
621.00,0.043
622.00,0.042
623.00,0.041
624.00,0.040
625.00,0.039
626.00,0.039
627.00,0.038
628.00,0.037
629.00,0.036
630.00,0.036
631.00,0.035
632.00,0.034
633.00,0.034
634.00,0.033
635.00,0.032
636.00,0.032
637.00,0.031
638.00,0.031
639.00,0.030
640.00,0.030
641.00,0.029
642.00,0.029
643.00,0.028
644.00,0.028
645.00,0.027
646.00,0.027
647.00,0.026
648.00,0.026
649.00,0.025
650.00,0.025
651.00,0.025
652.00,0.024
653.00,0.024
654.00,0.023
655.00,0.023
656.00,0.023
657.00,0.022
658.00,0.022
659.00,0.022
660.00,0.021
661.00,0.021
662.00,0.021
663.00,0.021
664.00,0.020
665.00,0.020
666.00,0.020
667.00,0.020
668.00,0.019
669.00,0.019
670.00,0.019
671.00,0.019
672.00,0.018
673.00,0.018
674.00,0.018
675.00,0.018
676.00,0.017
677.00,0.017
678.00,0.017
679.00,0.017
680.00,0.016
681.00,0.016
682.00,0.016
683.00,0.016
684.00,0.015
685.00,0.015
686.00,0.015
687.00,0.015
688.00,0.015
689.00,0.015
690.00,0.014
691.00,0.014
692.00,0.014
693.00,0.014
694.00,0.014
695.00,0.014
696.00,0.014
697.00,0.013
698.00,0.013
699.00,0.013
700.00,0.013
701.00,0.013
702.00,0.013
703.00,0.012
704.00,0.012
705.00,0.012
706.00,0.012
707.00,0.012
708.00,0.012
709.00,0.012
710.00,0.012
711.00,0.012
712.00,0.011
713.00,0.011
714.00,0.011
715.00,0.011
716.00,0.011
717.00,0.011
718.00,0.011
719.00,0.011
720.00,0.011
721.00,0.010
722.00,0.010
723.00,0.010
724.00,0.010
725.00,0.010
726.00,0.010
727.00,0.010
728.00,0.010
729.00,0.010
730.00,0.010
731.00,0.010
732.00,0.010
733.00,0.010
734.00,0.009
735.00,0.009
736.00,0.009
737.00,0.009
738.00,0.009
739.00,0.009
740.00,0.009
741.00,0.009
742.00,0.009
743.00,0.009
744.00,0.009
745.00,0.009
746.00,0.009
747.00,0.009
748.00,0.009
749.00,0.008
750.00,0.008
751.00,0.008
752.00,0.008
753.00,0.008
754.00,0.008
755.00,0.008
756.00,0.008
757.00,0.008
758.00,0.008
759.00,0.008
760.00,0.008
761.00,0.008
762.00,0.008
763.00,0.008
764.00,0.007
765.00,0.007
766.00,0.007
767.00,0.007
768.00,0.007
769.00,0.007
770.00,0.007
771.00,0.007
772.00,0.007
773.00,0.007
774.00,0.007
775.00,0.007
776.00,0.007
777.00,0.007
778.00,0.007
779.00,0.007
780.00,0.007
781.00,0.007
782.00,0.007
783.00,0.007
784.00,0.007
785.00,0.007
786.00,0.007
787.00,0.007
788.00,0.006
789.00,0.006
790.00,0.006
791.00,0.006
792.00,0.006
793.00,0.006
794.00,0.006
795.00,0.006
796.00,0.006
797.00,0.006
798.00,0.006
799.00,0.006
800.00,0.006
