"Group_5_2_Au_600.spc - RawData"
"疏酗(nm)","柲彶硉"
300.00,0.106
301.00,0.106
302.00,0.105
303.00,0.104
304.00,0.104
305.00,0.102
306.00,0.102
307.00,0.101
308.00,0.100
309.00,0.100
310.00,0.100
311.00,0.098
312.00,0.098
313.00,0.097
314.00,0.096
315.00,0.096
316.00,0.096
317.00,0.095
318.00,0.094
319.00,0.094
320.00,0.094
321.00,0.093
322.00,0.092
323.00,0.092
324.00,0.092
325.00,0.092
326.00,0.091
327.00,0.090
328.00,0.091
329.00,0.090
330.00,0.090
331.00,0.089
332.00,0.089
333.00,0.089
334.00,0.089
335.00,0.089
336.00,0.088
337.00,0.088
338.00,0.088
339.00,0.088
340.00,0.087
341.00,0.087
342.00,0.087
343.00,0.087
344.00,0.086
345.00,0.086
346.00,0.087
347.00,0.086
348.00,0.087
349.00,0.087
350.00,0.086
351.00,0.087
352.00,0.086
353.00,0.086
354.00,0.086
355.00,0.086
356.00,0.086
357.00,0.086
358.00,0.085
359.00,0.085
360.00,0.085
361.00,0.086
362.00,0.085
363.00,0.085
364.00,0.085
365.00,0.085
366.00,0.085
367.00,0.085
368.00,0.085
369.00,0.084
370.00,0.085
371.00,0.085
372.00,0.085
373.00,0.085
374.00,0.084
375.00,0.084
376.00,0.083
377.00,0.083
378.00,0.083
379.00,0.083
380.00,0.083
381.00,0.083
382.00,0.082
383.00,0.082
384.00,0.082
385.00,0.082
386.00,0.081
387.00,0.081
388.00,0.081
389.00,0.081
390.00,0.081
391.00,0.080
392.00,0.081
393.00,0.080
394.00,0.080
395.00,0.080
396.00,0.080
397.00,0.080
398.00,0.079
399.00,0.079
400.00,0.079
401.00,0.079
402.00,0.079
403.00,0.078
404.00,0.078
405.00,0.078
406.00,0.078
407.00,0.077
408.00,0.077
409.00,0.077
410.00,0.077
411.00,0.077
412.00,0.077
413.00,0.076
414.00,0.077
415.00,0.076
416.00,0.077
417.00,0.076
418.00,0.076
419.00,0.076
420.00,0.076
421.00,0.076
422.00,0.075
423.00,0.075
424.00,0.076
425.00,0.074
426.00,0.075
427.00,0.075
428.00,0.074
429.00,0.074
430.00,0.074
431.00,0.074
432.00,0.074
433.00,0.074
434.00,0.074
435.00,0.074
436.00,0.074
437.00,0.074
438.00,0.074
439.00,0.074
440.00,0.074
441.00,0.073
442.00,0.074
443.00,0.073
444.00,0.073
445.00,0.073
446.00,0.073
447.00,0.073
448.00,0.073
449.00,0.074
450.00,0.074
451.00,0.073
452.00,0.074
453.00,0.074
454.00,0.074
455.00,0.074
456.00,0.074
457.00,0.074
458.00,0.074
459.00,0.075
460.00,0.075
461.00,0.075
462.00,0.075
463.00,0.075
464.00,0.075
465.00,0.076
466.00,0.076
467.00,0.076
468.00,0.076
469.00,0.077
470.00,0.077
471.00,0.077
472.00,0.077
473.00,0.078
474.00,0.078
475.00,0.079
476.00,0.079
477.00,0.080
478.00,0.080
479.00,0.081
480.00,0.081
481.00,0.082
482.00,0.083
483.00,0.084
484.00,0.084
485.00,0.085
486.00,0.086
487.00,0.087
488.00,0.088
489.00,0.089
490.00,0.090
491.00,0.091
492.00,0.093
493.00,0.094
494.00,0.095
495.00,0.096
496.00,0.098
497.00,0.099
498.00,0.101
499.00,0.102
500.00,0.104
501.00,0.106
502.00,0.107
503.00,0.109
504.00,0.110
505.00,0.112
506.00,0.114
507.00,0.115
508.00,0.117
509.00,0.118
510.00,0.120
511.00,0.121
512.00,0.123
513.00,0.124
514.00,0.125
515.00,0.126
516.00,0.127
517.00,0.128
518.00,0.129
519.00,0.130
520.00,0.131
521.00,0.131
522.00,0.132
523.00,0.132
524.00,0.133
525.00,0.133
526.00,0.133
527.00,0.133
528.00,0.133
529.00,0.132
530.00,0.132
531.00,0.132
532.00,0.131
533.00,0.131
534.00,0.130
535.00,0.129
536.00,0.129
537.00,0.128
538.00,0.127
539.00,0.126
540.00,0.125
541.00,0.124
542.00,0.123
543.00,0.121
544.00,0.120
545.00,0.119
546.00,0.117
547.00,0.116
548.00,0.114
549.00,0.113
550.00,0.111
551.00,0.110
552.00,0.108
553.00,0.106
554.00,0.105
555.00,0.103
556.00,0.101
557.00,0.100
558.00,0.098
559.00,0.096
560.00,0.095
561.00,0.093
562.00,0.091
563.00,0.089
564.00,0.088
565.00,0.086
566.00,0.084
567.00,0.082
568.00,0.081
569.00,0.079
570.00,0.077
571.00,0.076
572.00,0.074
573.00,0.073
574.00,0.071
575.00,0.069
576.00,0.068
577.00,0.066
578.00,0.065
579.00,0.064
580.00,0.062
581.00,0.061
582.00,0.060
583.00,0.058
584.00,0.057
585.00,0.056
586.00,0.054
587.00,0.053
588.00,0.052
589.00,0.051
590.00,0.050
591.00,0.049
592.00,0.048
593.00,0.046
594.00,0.046
595.00,0.044
596.00,0.043
597.00,0.042
598.00,0.042
599.00,0.041
600.00,0.039
601.00,0.038
602.00,0.037
603.00,0.037
604.00,0.036
605.00,0.035
606.00,0.034
607.00,0.034
608.00,0.033
609.00,0.032
610.00,0.032
611.00,0.031
612.00,0.030
613.00,0.030
614.00,0.029
615.00,0.029
616.00,0.028
617.00,0.028
618.00,0.027
619.00,0.027
620.00,0.026
621.00,0.026
622.00,0.025
623.00,0.025
624.00,0.024
625.00,0.024
626.00,0.023
627.00,0.023
628.00,0.023
629.00,0.022
630.00,0.022
631.00,0.022
632.00,0.021
633.00,0.021
634.00,0.021
635.00,0.020
636.00,0.020
637.00,0.020
638.00,0.019
639.00,0.019
640.00,0.019
641.00,0.018
642.00,0.018
643.00,0.018
644.00,0.018
645.00,0.017
646.00,0.017
647.00,0.017
648.00,0.017
649.00,0.017
650.00,0.016
651.00,0.016
652.00,0.016
653.00,0.016
654.00,0.016
655.00,0.015
656.00,0.015
657.00,0.015
658.00,0.015
659.00,0.015
660.00,0.014
661.00,0.014
662.00,0.014
663.00,0.014
664.00,0.014
665.00,0.014
666.00,0.014
667.00,0.014
668.00,0.014
669.00,0.013
670.00,0.013
671.00,0.013
672.00,0.013
673.00,0.013
674.00,0.013
675.00,0.013
676.00,0.013
677.00,0.012
678.00,0.012
679.00,0.012
680.00,0.012
681.00,0.012
682.00,0.012
683.00,0.011
684.00,0.011
685.00,0.011
686.00,0.011
687.00,0.011
688.00,0.011
689.00,0.011
690.00,0.011
691.00,0.011
692.00,0.011
693.00,0.010
694.00,0.010
695.00,0.010
696.00,0.010
697.00,0.010
698.00,0.010
699.00,0.010
700.00,0.010
701.00,0.010
702.00,0.010
703.00,0.010
704.00,0.010
705.00,0.010
706.00,0.009
707.00,0.009
708.00,0.009
709.00,0.009
710.00,0.009
711.00,0.009
712.00,0.009
713.00,0.009
714.00,0.009
715.00,0.009
716.00,0.009
717.00,0.009
718.00,0.009
719.00,0.009
720.00,0.009
721.00,0.009
722.00,0.008
723.00,0.009
724.00,0.008
725.00,0.008
726.00,0.008
727.00,0.008
728.00,0.008
729.00,0.008
730.00,0.008
731.00,0.008
732.00,0.008
733.00,0.008
734.00,0.008
735.00,0.008
736.00,0.008
737.00,0.008
738.00,0.008
739.00,0.008
740.00,0.008
741.00,0.008
742.00,0.008
743.00,0.008
744.00,0.008
745.00,0.007
746.00,0.007
747.00,0.007
748.00,0.007
749.00,0.007
750.00,0.007
751.00,0.007
752.00,0.007
753.00,0.007
754.00,0.007
755.00,0.007
756.00,0.007
757.00,0.007
758.00,0.007
759.00,0.007
760.00,0.007
761.00,0.007
762.00,0.007
763.00,0.007
764.00,0.007
765.00,0.007
766.00,0.007
767.00,0.007
768.00,0.007
769.00,0.007
770.00,0.007
771.00,0.007
772.00,0.007
773.00,0.007
774.00,0.007
775.00,0.006
776.00,0.007
777.00,0.006
778.00,0.006
779.00,0.006
780.00,0.006
781.00,0.006
782.00,0.007
783.00,0.006
784.00,0.006
785.00,0.006
786.00,0.006
787.00,0.006
788.00,0.006
789.00,0.006
790.00,0.006
791.00,0.006
792.00,0.006
793.00,0.006
794.00,0.006
795.00,0.006
796.00,0.006
797.00,0.006
798.00,0.006
799.00,0.006
800.00,0.006
